9
9
10
11
29
45
49
49
51
65
66
67
86
90
100
105
108
115
122
164
168
173
193
196
203
208
215
218
226
228
233
237
245
270
271
277
284
311
325
331
331
337
337
339
349
358
361
363
379
396
397
405
417
429
430
431
436
439
452
459
459
461
464
469
470
472
487
487
497
512
538
543
553
561
579
584
596
630
633
636
650
651
726
737
740
753
763
769
774
777
792
794
801
806
832
841
849
884
889
890
891
892
924
927
929
941
944
955
963
963
987
994
1007
1012
1034
1038
1057
1077
1085
1090
1092
1107
1118
1119
1142
1144
1162
1169
1194
1203
1204
1207
1227
1228
1282
1297
1303
1304
1345
1365
1367
1374
1381
1394
1402
1411
1414
1422
1422
1425
1428
1430
1430
1436
1445
1446
1450
1469
1476
1480
1488
1494
1505
1508
1530
1537
1562
1565
1602
1604
1608
1619
1623
1633
1634
1649
1664
1689
1695
1711
1713
1716
1733
1733
1742
1743
1752
1766
1783
1835
1851
1859
1873
1890
1897
1897
1909
1913
1936
1937
1947
1950
1954
1955
1975
1975
1979
2002
2011
2013
2038
2039
2053
2057
2068
2070
2086
2119
2136
2139
2147
2167
2173
2177
2185
2207
2224
2229
2242
2249
2251
2278
2301
2313
2317
2339
2344
2361
2390
2394
2396
2404
2416
2417
2434
2439
2466
2471
2471
2491
2502
2522
2527
2571
2572
2592
2592
2612
2617
2622
2633
2644
2647
2669
2677
2678
2699
2706
2708
2713
2716
2748
2749
2752
2764
2768
2790
2802
2833
2834
2847
2849
2866
2869
2883
2900
2906
2909
2920
2935
2949
2958
2961
2980
2982
3019
3025
3048
3048
3061
3067
3071
3074
3077
3092
3094
3102
3118
3127
3152
3155
3156
3156
3160
3165
3165
3185
3194
3196
3201
3203
3204
3219
3222
3228
3246
3249
3254
3257
3263
3273
3275
3296
3317
3329
3335
3353
3360
3380
3381
3382
3386
3399
3409
3418
3441
3442
3450
3454
3458
3467
3476
3480
3485
3488
3494
3516
3531
3540
3550
3583
3588
3593
3595
3608
3613
3619
3638
3645
3656
3679
3686
3688
3691
3692
3692
3692
3699
3710
3712
3726
3729
3732
3737
3738
3744
3749
3749
3754
3779
3788
3789
3793
3795
3813
3814
3826
3827
3830
3841
3851
3858
3862
3871
3877
3891
3898
3903
3919
3920
3929
3937
3943
3971
3974
4017
4027
4027
4036
4051
4067
4067
4077
4083
4097
4099
4106
4113
4139
4155
4158
4175
4178
4194
4196
4214
4250
4254
4260
4265
4270
4272
4300
4302
4306
4323
4326
4329
4335
4335
4338
4362
4365
4391
4400
4412
4419
4419
4423
4424
4429
4433
4435
4445
4457
4461
4461
4475
4478
4502
4506
4513
4518
4532
4554
4557
4567
4569
4569
4582
4585
4617
4643
4645
4647
4647
4673
4686
4700
4700
4708
4722
4725
4726
4729
4742
4750
4770
4775
4789
4807
4809
4815
4817
4849
4857
4857
4866
4882
4882
4894
4896
4896
4917
4921
4924
4927
4938
4960
4969
4987
5001
5002
5013
5014
5018
5019
5024
5028
5034
5051
5061
5061
5061
5072
5078
5108
5111
5119
5136
5153
5172
5210
5228
5241
5246
5254
5255
5259
5260
5272
5294
5297
5319
5320
5323
5337
5344
5363
5367
5393
5398
5417
5445
5452
5455
5455
5457
5463
5465
5470
5474
5477
5480
5485
5486
5486
5489
5506
5515
5518
5524
5524
5527
5536
5541
5578
5581
5600
5602
5609
5610
5622
5627
5628
5665
5665
5686
5687
5709
5713
5730
5732
5732
5733
5738
5746
5747
5760
5796
5804
5814
5818
5818
5828
5836
5843
5857
5897
5904
5927
5971
5975
5988
6002
6002
6002
6030
6036
6037
6039
6047
6064
6065
6104
6127
6141
6142
6148
6161
6169
6174
6187
6197
6205
6253
6278
6286
6294
6295
6317
6319
6321
6330
6331
6345
6347
6364
6372
6377
6386
6390
6391
6397
6401
6408
6427
6430
6431
6449
6460
6461
6470
6474
6476
6481
6490
6497
6508
6513
6514
6521
6546
6547
6566
6576
6581
6582
6582
6590
6595
6596
6640
6640
6645
6654
6660
6668
6668
6670
6674
6677
6693
6698
6702
6708
6711
6712
6718
6755
6759
6761
6763
6775
6791
6792
6814
6814
6831
6849
6860
6861
6877
6884
6908
6915
6929
6954
6955
6956
6968
6977
6978
7003
7005
7017
7019
7026
7031
7039
7046
7064
7065
7071
7073
7073
7083
7095
7116
7116
7120
7123
7135
7138
7139
7169
7174
7182
7200
7203
7216
7219
7247
7258
7277
7284
7295
7305
7313
7318
7332
7339
7376
7388
7392
7397
7398
7412
7412
7412
7423
7429
7430
7449
7452
7468
7474
7491
7513
7518
7519
7528
7532
7534
7549
7550
7565
7572
7573
7602
7618
7633
7634
7639
7652
7686
7700
7707
7743
7776
7785
7785
7789
7801
7828
7829
7844
7859
7860
7876
7913
7922
7923
7945
7946
7956
7963
7971
7981
7985
7998
8004
8005
8007
8015
8018
8023
8023
8026
8027
8032
8039
8043
8043
8059
8063
8088
8095
8098
8098
8102
8121
8126
8133
8144
8184
8190
8205
8218
8239
8243
8266
8271
8276
8284
8316
8324
8330
8333
8338
8361
8364
8384
8399
8414
8418
8419
8425
8429
8440
8448
8450
8451
8453
8458
8479
8486
8492
8492
8494
8497
8500
8509
8515
8516
8518
8523
8533
8538
8539
8551
8556
8578
8582
8595
8601
8607
8613
8615
8624
8628
8634
8637
8641
8643
8657
8661
8661
8670
8680
8684
8713
8731
8751
8762
8766
8777
8781
8791
8798
8800
8800
8804
8808
8812
8818
8818
8819
8835
8857
8862
8864
8889
8901
8903
8931
8943
8946
8953
8979
8979
8990
8995
8996
9017
9020
9036
9045
9046
9057
9082
9090
9093
9107
9112
9132
9135
9141
9143
9146
9146
9150
9155
9161
9169
9182
9186
9210
9221
9225
9244
9244
9254
9256
9276
9280
9285
9287
9315
9329
9336
9350
9360
9363
9369
9381
9385
9407
9407
9408
9417
9442
9449
9484
9488
9494
9502
9504
9508
9532
9542
9543
9581
9581
9594
9605
9627
9631
9636
9645
9660
9670
9679
9689
9695
9698
9700
9710
9718
9720
9750
9784
9788
9793
9798
9801
9813
9814
9821
9840
9868
9870
9878
9897
9899
9901
9901
9908
9911
9933
9953
9960
9979
9987
10001
10018
10062
10073
10075
10078
10079
10098
10119
10131
10132
10146
10167
10170
10192
10205
10260
10271
10280
10303
10313
10313
10324
10324
10339
10340
10382
10391
10399
10399
10401
10429
10432
10448
10455
10459
10477
10484
10496
10509
10530
10551
10551
10578
10604
10610
10616
10625
10629
10635
10659
10663
10668
10670
10674
10696
10707
10726
10733
10743
10744
10748
10755
10757
10775
10777
10787
10799
10828
10832
10843
10857
10861
10864
10878
10885
10896
10904
10912
10916
10916
10919
10922
10930
10940
10943
10958
10958
10961
10965
10980
10987
10997
10998
11001
11003
11003
11005
11029
11036
11040
11043
11046
11057
11126
11127
11144
11150
11163
11192
11195
11197
11208
11211
11228
11261
11261
11281
11298
11300
11307
11314
11315
11346
11349
11370
11372
11373
11373
11373
11388
11407
11415
11420
11434
11444
11454
11464
11470
11470
11477
11477
11478
11480
11491
11496
11523
11525
11542
11544
11550
11553
11580
11586
11597
11612
11614
11622
11644
11659
11688
11690
11699
11699
11700
11704
11712
11735
11762
11765
11779
11788
11798
11867
11876
11879
11889
11911
11912
11925
11926
11936
11936
11947
11957
11957
11958
11975
11983
11989
11990
11992
11992
12000
12001
12005
12006
12007
12016
12018
12030
12036
12038
12043
12044
12074
12081
12106
12115
12116
12116
12118
12130
12143
12152
12153
12166
12171
12173
12175
12187
12189
12198
12202
12203
12204
12213
12236
12265
12277
12286
12286
12292
12293
12293
12295
12299
12301
12316
12320
12367
12376
12382
12403
12414
12450
12459
12474
12475
12483
12492
12507
12522
12525
12546
12548
12563
12574
12590
12620
12626
12635
12638
12644
12667
12674
12700
12746
12767
12796
12805
12819
12825
12862
12865
12904
12910
12922
12927
12965
12967
12987
12989
13002
13013
13023
13059
13063
13076
13101
13110
13118
13120
13133
13158
13163
13171
13174
13201
13203
13243
13289
13310
13331
13338
13338
13348
13375
13381
13398
13398
13410
13420
13421
13435
13446
13456
13472
13496
13500
13513
13523
13532
13547
13564
13571
13586
13601
13603
13603
13609
13621
13635
13642
13644
13650
13654
13666
13699
13712
13726
13765
13768
13772
13785
13789
13802
13806
13810
13825
13829
13841
13847
13859
13860
13875
13890
13899
13902
13903
13907
13916
13932
13935
13948
13952
13958
13975
13989
13990
13999
14002
14056
14059
14059
14059
14063
14076
14095
14097
14100
14104
14105
14118
14149
14161
14171
14177
14177
14180
14180
14184
14190
14193
14207
14214
14226
14246
14248
14258
14261
14263
14263
14285
14316
14334
14340
14349
14367
14374
14381
14382
14396
14405
14416
14431
14452
14463
14465
14482
14492
14493
14505
14511
14514
14532
14544
14547
14549
14565
14603
14610
14634
14638
14638
14646
14650
14655
14658
14669
14672
14677
14678
14683
14684
14692
14693
14696
14696
14717
14741
14770
14790
14798
14801
14804
14806
14808
14826
14827
14827
14829
14859
14864
14884
14900
14903
14906
14908
14916
14919
14949
14969
14975
14978
14997
15007
15009
15014
15029
15041
15042
15053
15060
15063
15076
15114
15122
15141
15143
15176
15182
15198
15203
15213
15235
15237
15294
15294
15309
15312
15312
15319
15329
15334
15340
15351
15351
15354
15368
15371
15391
15392
15405
15405
15408
15427
15432
15445
15456
15457
15462
15467
15482
15501
15502
15504
15538
15550
15567
15568
15568
15576
15579
15588
15601
15619
15631
15633
15634
15640
15644
15659
15688
15712
15715
15719
15723
15724
15724
15727
15731
15732
15732
15743
15746
15800
15802
15819
15829
15838
15851
15859
15859
15876
15888
15905
15913
15923
15930
15960
15964
15966
15966
15970
15979
15982
15982
15985
16002
16035
16037
16040
16040
16041
16047
16050
16059
16061
16073
16073
16078
16079
16080
16080
16082
16086
16088
16095
16101
16102
16102
16110
16112
16120
16124
16126
16142
16145
16168
16187
16203
16205
16207
16223
16226
16229
16234
16242
16249
16264
16289
16293
16300
16311
16321
16345
16345
16349
16350
16350
16355
16356
16359
16365
16390
16415
16425
16426
16466
16479
16483
16484
16507
16519
16533
16563
16564
16568
16570
16616
16618
16621
16630
16632
16634
16643
16660
16672
16678
16678
16684
16731
16737
16798
16807
16807
16816
16824
16830
16831
16832
16842
16847
16869
16882
16896
16906
16914
16914
16918
16919
16925
16927
16938
16949
16951
16951
16959
16974
16976
16978
16988
16990
17028
17037
17039
17044
17054
17057
17062
17064
17066
17066
17094
17098
17129
17135
17139
17153
17153
17159
17161
17171
17171
17180
17181
17184
17205
17206
17227
17245
17255
17264
17266
17295
17296
17303
17311
17317
17318
17331
17339
17360
17361
17365
17378
17385
17400
17401
17420
17427
17482
17495
17504
17515
17520
17521
17521
17527
17531
17532
17547
17551
17553
17553
17566
17567
17575
17588
17601
17612
17627
17641
17643
17648
17662
17666
17674
17706
17707
17709
17717
17733
17741
17746
17761
17761
17764
17776
17776
17789
17831
17850
17851
17856
17858
17883
17883
17895
17898
17927
17936
17976
17978
17980
17981
17982
18008
18029
18066
18124
18132
18140
18165
18169
18198
18206
18210
18213
18220
18221
18224
18225
18231
18232
18242
18262
18269
18271
18273
18276
18289
18300
18327
18335
18342
18350
18352
18358
18369
18377
18389
18389
18395
18402
18402
18412
18413
18415
18439
18447
18448
18469
18470
18470
18476
18477
18477
18477
18480
18484
18506
18512
18529
18539
18544
18547
18548
18556
18569
18579
18585
18590
18595
18603
18611
18614
18618
18625
18631
18632
18633
18643
18663
18665
18672
18675
18680
18683
18685
18696
18713
18717
18725
18732
18737
18739
18743
18762
18763
18774
18777
18781
18790
18804
18811
18832
18851
18852
18874
18885
18905
18912
18942
18945
18967
18975
18984
18998
19013
19020
19020
19023
19037
19038
19047
19051
19056
19068
19070
19070
19130
19131
19144
19155
19173
19178
19181
19223
19225
19228
19229
19235
19238
19241
19244
19250
19271
19291
19295
19306
19320
19323
19323
19332
19337
19338
19342
19345
19348
19354
19356
19362
19363
19394
19400
19400
19408
19409
19430
19454
19463
19480
19488
19496
19497
19498
19499
19502
19506
19531
19532
19537
19538
19578
19578
19583
19583
19584
19589
19605
19613
19629
19630
19632
19659
19682
19684
19687
19698
19701
19712
19714
19723
19745
19774
19786
19800
19803
19814
19823
19856
19856
19864
19865
19885
19892
19899
19903
19922
19927
19946
19956
19961
19994
20002
20011
20023
20025
20046
20052
20062
20063
20081
20084
20091
20105
20126
20148
20155
20164
20166
20176
20178
20191
20192
20194
20195
20195
20216
20224
20240
20251
20254
20261
20265
20266
20302
20306
20306
20321
20347
20347
20361
20377
20381
20392
20406
20406
20408
20431
20451
20451
20467
20474
20483
20490
20494
20509
20517
20518
20526
20530
20530
20555
20564
20577
20580
20580
20584
20586
20599
20620
20635
20642
20672
20676
20735
20747
20769
20795
20801
20803
20813
20827
20836
20838
20839
20841
20858
20870
20880
20899
20900
20905
20927
20936
20953
20961
20975
20987
20999
21039
21075
21090
21103
21111
21122
21129
21133
21154
21158
21164
21164
21170
21180
21191
21192
21204
21205
21210
21220
21234
21249
21249
21288
21331
21332
21336
21340
21349
21363
21380
21385
21391
21413
21417
21427
21434
21449
21455
21458
21459
21469
21470
21474
21498
21502
21520
21530
21534
21562
21563
21567
21578
21584
21593
21606
21623
21625
21650
21662
21670
21674
21697
21705
21732
21745
21760
21770
21776
21822
21841
21849
21851
21853
21854
21857
21864
21864
21877
21877
21884
21886
21890
21895
21915
21946
21948
21955
21956
21961
21964
21965
21966
21968
21971
21986
21994
22000
22016
22019
22021
22050
22055
22056
22064
22065
22072
22073
22084
22106
22111
22118
22119
22136
22163
22179
22191
22192
22216
22237
22253
22263
22267
22270
22287
22290
22290
22298
22299
22302
22310
22312
22346
22346
22349
22355
22379
22387
22393
22397
22409
22410
22423
22441
22446
22450
22454
22466
22474
22477
22499
22512
22522
22529
22536
22540
22542
22544
22566
22567
22572
22577
22586
22588
22589
22597
22617
22645
22649
22661
22669
22671
22677
22699
22760
22770
22787
22803
22812
22817
22818
22819
22821
22825
22827
22830
22838
22838
22846
22855
22886
22886
22914
22915
22920
22920
22923
22945
22959
22968
22983
22987
23001
23009
23017
23040
23041
23060
23073
23088
23091
23092
23108
23134
23138
23142
23157
23173
23187
23197
23214
23222
23245
23246
23249
23276
23288
23299
23318
23322
23327
23335
23336
23341
23356
23361
23376
23380
23385
23388
23395
23403
23425
23433
23438
23443
23447
23453
23469
23482
23488
23489
23490
23497
23507
23527
23533
23543
23561
23568
23584
23591
23632
23636
23644
23648
23649
23653
23664
23666
23675
23682
23702
23705
23712
23720
23738
23745
23766
23778
23785
23786
23798
23827
23846
23857
23867
23868
23869
23880
23888
23889
23896
23901
23909
23927
23935
23943
23945
23950
23960
23978
23995
24000
24004
24007
24010
24018
24034
24037
24072
24075
24113
24119
24146
24147
24155
24162
24188
24203
24221
24223
24260
24272
24278
24290
24302
24304
24305
24310
24334
24338
24362
24387
24389
24423
24441
24457
24463
24479
24488
24504
24511
24535
24538
24540
24547
24581
24597
24598
24602
24611
24638
24666
24672
24678
24699
24706
24711
24717
24718
24738
24750
24755
24756
24757
24758
24786
24804
24804
24831
24836
24839
24854
24875
24878
24897
24900
24906
24913
24923
24946
24987
25001
25009
25018
25018
25019
25026
25038
25066
25070
25086
25105
25109
25114
25115
25160
25178
25184
25185
25194
25203
25241
25255
25282
25286
25300
25305
25315
25319
25320
25325
25338
25375
25376
25377
25400
25417
25436
25438
25441
25444
25448
25450
25456
25458
25459
25472
25475
25477
25481
25486
25492
25499
25517
25546
25548
25558
25575
25577
25586
25592
25593
25593
25630
25635
25640
25651
25653
25677
25680
25697
25710
25724
25727
25737
25748
25787
25794
25795
25817
25846
25894
25904
25925
25937
25939
25947
25949
25950
25954
25954
25957
25958
25961
25980
25986
25994
26007
26008
26009
26034
26035
26038
26050
26094
26102
26111
26112
26130
26149
26166
26177
26179
26193
26237
26264
26285
26291
26304
26307
26319
26323
26324
26347
26350
26353
26397
26413
26414
26426
26432
26433
26435
26437
26438
26439
26443
26461
26472
26488
26509
26518
26522
26523
26529
26536
26565
26572
26593
26597
26599
26614
26616
26623
26627
26661
26671
26680
26695
26699
26701
26733
26736
26771
26776
26777
26779
26787
26788
26788
26827
26828
26834
26839
26845
26850
26859
26864
26876
26886
26890
26903
26927
26930
26952
26969
26974
26980
26986
26995
27008
27010
27038
27043
27068
27074
27088
27092
27093
27127
27128
27139
27146
27151
27163
27164
27182
27191
27193
27202
27203
27205
27230
27233
27236
27241
27268
27276
27278
27278
27296
27304
27316
27321
27323
27325
27330
27345
27358
27358
27373
27391
27464
27464
27487
27490
27493
27495
27503
27515
27534
27542
27550
27557
27563
27582
27584
27590
27593
27595
27600
27601
27603
27609
27618
27629
27630
27648
27648
27649
27659
27663
27664
27677
27689
27703
27710
27712
27723
27730
27741
27747
27774
27787
27840
27850
27862
27866
27869
27879
27892
27896
27897
27919
27923
27926
27927
27932
27939
27970
27977
27978
27981
27991
27999
28015
28015
28023
28041
28047
28054
28062
28081
28089
28091
28095
28099
28113
28118
28131
28141
28165
28165
28168
28193
28202
28205
28206
28211
28216
28229
28282
28309
28315
28324
28337
28341
28346
28350
28366
28384
28393
28394
28398
28399
28399
28411
28436
28438
28456
28460
28463
28465
28466
28483
28488
28493
28506
28512
28512
28520
28522
28533
28542
28543
28544
28564
28565
28583
28596
28604
28604
28619
28632
28639
28661
28673
28696
28720
28752
28770
28776
28780
28783
28786
28789
28789
28789
28791
28791
28793
28811
28817
28820
28838
28841
28845
28852
28853
28857
28860
28883
28895
28908
28912
28920
28927
28932
28939
28942
28950
28950
28953
28972
28974
28978
28990
29006
29010
29023
29025
29025
29026
29038
29039
29045
29068
29090
29090
29095
29111
29123
29127
29129
29142
29166
29166
29169
29171
29173
29175
29182
29182
29192
29194
29211
29215
29219
29220
29221
29244
29262
29271
29284
29284
29286
29297
29302
29312
29313
29330
29340
29372
29375
29398
29406
29422
29431
29490
29510
29511
29512
29513
29514
29531
29548
29553
29556
29563
29596
29601
29610
29610
29614
29617
29640
29642
29645
29647
29672
29680
29697
29719
29720
29729
29743
29752
29761
29775
29777
29778
29790
29829
29834
29865
29875
29893
29911
29915
29921
29926
29929
29933
29934
29941
29944
29956
29971
29974
29975
29998
30009
30011
30021
30025
30062
30086
30114
30133
30161
30174
30178
30184
30212
30218
30232
30238
30264
30282
30289
30315
30316
30346
30358
30360
30364
30372
30374
30386
30400
30403
30403
30421
30429
30430
30435
30442
30466
30467
30469
30474
30476
30511
30518
30521
30541
30579
30594
30600
30638
30639
30640
30653
30682
30693
30701
30702
30720
30723
30735
30745
30745
30778
30798
30823
30850
30855
30855
30868
30871
30884
30891
30893
30910
30925
30955
30955
30993
31010
31026
31043
31050
31053
31061
31073
31079
31083
31109
31119
31135
31137
31157
31167
31172
31173
31178
31188
31195
31209
31230
31240
31260
31262
31282
31289
31299
31304
31308
31322
31352
31358
31366
31371
31415
31418
31427
31452
31462
31471
31497
31511
31516
31520
31521
31540
31583
31624
31630
31631
31648
31650
31656
31668
31685
31690
31690
31690
31694
31698
31707
31719
31720
31725
31741
31755
31772
31777
31777
31788
31788
31811
31833
31836
31836
31841
31850
31855
31860
31860
31867
31867
31871
31880
31887
31892
31909
31913
31927
31935
31948
31948
31949
31955
31967
32004
32029
32030
32034
32036
32057
32057
32066
32066
32078
32088
32093
32134
32138
32143
32173
32176
32187
32209
32210
32210
32214
32219
32241
32248
32256
32265
32278
32286
32286
32304
32305
32305
32336
32338
32338
32343
32347
32351
32390
32413
32420
32432
32436
32442
32444
32449
32455
32459
32469
32471
32481
32483
32493
32505
32517
32531
32535
32549
32550
32551
32559
32560
32566
32580
32585
32593
32594
32620
32622
32631
32633
32646
32653
32662
32675
32683
32698
32702
32702
32706
32706
32707
32713
32722
32729
32739
32744
32751
32753
32764
32783
32784
32785
32785
32788
32808
32808
32816
32819
32820
32822
32832
32868
32878
32888
32912
32912
32913
32915
32921
32926
32949
32961
32970
32988
33007
33014
33020
33021
33023
33031
33042
33065
33078
33130
33133
33144
33148
33182
33183
33184
33192
33205
33210
33216
33246
33248
33252
33266
33278
33283
33288
33291
33304
33309
33322
33323
33324
33327
33340
33352
33385
33391
33397
33402
33410
33416
33419
33420
33431
33432
33453
33483
33499
33509
33531
33536
33546
33576
33586
33594
33613
33615
33618
33619
33627
33633
33645
33651
33693
33700
33721
33725
33725
33727
33736
33739
33750
33767
33768
33785
33787
33820
33835
33836
33839
33845
33851
33861
33863
33867
33869
33870
33871
33872
33901
33903
33910
33911
33911
33934
33954
33961
33967
33981
34018
34064
34078
34078
34083
34091
34094
34135
34136
34144
34146
34149
34156
34203
34214
34223
34227
34229
34238
34239
34246
34256
34263
34282
34288
34303
34311
34318
34343
34358
34382
34410
34418
34425
34428
34429
34433
34433
34435
34436
34441
34464
34465
34471
34500
34505
34505
34507
34523
34523
34535
34549
34605
34606
34606
34616
34632
34638
34645
34650
34698
34701
34737
34745
34753
34753
34754
34775
34777
34779
34781
34782
34786
34810
34821
34822
34833
34837
34844
34849
34867
34871
34871
34873
34878
34905
34906
34907
34907
34913
34916
34925
34935
34940
34946
34980
34982
34992
35026
35051
35051
35086
35095
35130
35135
35140
35144
35171
35186
35189
35198
35211
35222
35223
35224
35237
35239
35275
35275
35305
35315
35365
35384
35390
35391
35397
35399
35399
35400
35410
35420
35422
35428
35450
35482
35504
35511
35529
35534
35568
35573
35595
35599
35615
35621
35627
35634
35635
35647
35664
35664
35667
35680
35690
35706
35715
35716
35735
35743
35751
35757
35757
35760
35764
35783
35814
35816
35824
35838
35839
35849
35864
35871
35871
35881
35888
35894
35897
35900
35906
35920
35925
35934
35938
35940
35940
35961
35964
35970
35981
35986
35994
36006
36008
36062
36072
36082
36085
36107
36117
36117
36125
36132
36145
36151
36154
36154
36166
36177
36198
36207
36239
36282
36297
36313
36316
36322
36347
36370
36370
36376
36384
36395
36429
36429
36438
36464
36465
36469
36484
36496
36497
36502
36510
36517
36518
36545
36565
36586
36596
36615
36616
36624
36648
36669
36673
36687
36688
36729
36733
36741
36742
36761
36772
36783
36784
36787
36791
36830
36831
36853
36854
36880
36909
36912
36913
36918
36923
36929
36929
36931
36942
36947
36952
36954
36963
36969
36999
37003
37005
37011
37015
37017
37018
37031
37047
37054
37083
37083
37104
37120
37125
37140
37150
37151
37156
37160
37177
37198
37222
37228
37234
37235
37237
37237
37269
37279
37296
37298
37302
37305
37317
37321
37324
37344
37345
37347
37385
37419
37428
37436
37441
37446
37456
37481
37486
37486
37490
37494
37523
37541
37543
37544
37558
37566
37584
37584
37607
37609
37612
37621
37635
37635
37636
37645
37650
37661
37662
37676
37705
37707
37718
37726
37726
37739
37750
37761
37768
37771
37779
37792
37822
37824
37838
37852
37869
37873
37898
37903
37904
37904
37907
37915
37916
37917
37920
37922
37928
37946
37947
37949
37950
37952
37956
37961
37975
37988
38010
38011
38018
38019
38024
38027
38043
38049
38070
38073
38102
38114
38115
38119
38133
38152
38156
38162
38164
38181
38220
38239
38253
38274
38283
38286
38304
38304
38343
38348
38349
38350
38358
38358
38360
38362
38366
38385
38386
38396
38399
38413
38428
38432
38435
38441
38442
38469
38471
38479
38482
38484
38509
38532
38534
38574
38586
38602
38611
38632
38642
38649
38651
38681
38687
38705
38707
38729
38729
38754
38756
38759
38763
38775
38811
38814
38823
38827
38831
38855
38857
38858
38873
38882
38898
38908
38914
38920
38939
38947
38948
38970
38972
38980
39001
39004
39005
39008
39015
39018
39018
39026
39048
39055
39064
39069
39071
39080
39092
39103
39119
39124
39126
39133
39139
39147
39157
39159
39169
39196
39207
39218
39229
39231
39261
39262
39270
39274
39280
39283
39290
39294
39295
39301
39318
39323
39340
39354
39365
39365
39369
39373
39377
39382
39382
39395
39406
39419
39420
39427
39431
39454
39457
39494
39497
39516
39520
39521
39545
39551
39564
39568
39602
39659
39671
39675
39692
39694
39710
39712
39731
39760
39776
39788
39796
39842
39846
39858
39864
39872
39885
39890
39896
39896
39905
39908
39911
39916
39926
39937
39943
39954
39963
39964
39976
39996
40001
40002
40012
40027
40050
40060
40061
40071
40107
40108
40108
40110
40124
40155
40161
40167
40179
40182
40194
40208
40212
40219
40222
40230
40235
40243
40258
40260
40287
40296
40303
40306
40314
40345
40350
40350
40372
40378
40381
40385
40403
40426
40435
40442
40445
40452
40458
40470
40486
40490
40508
40512
40519
40520
40522
40525
40549
40555
40558
40568
40593
40593
40609
40616
40622
40627
40640
40650
40655
40665
40685
40688
40691
40710
40721
40726
40735
40753
40759
40760
40771
40776
40793
40807
40811
40822
40824
40832
40843
40846
40848
40865
40878
40882
40899
40899
40899
40909
40925
40927
40951
40964
40991
40991
40994
41001
41011
41051
41059
41073
41111
41113
41117
41133
41146
41149
41168
41174
41212
41227
41242
41246
41252
41283
41319
41334
41343
41359
41404
41408
41409
41412
41432
41437
41444
41452
41457
41470
41477
41499
41501
41506
41520
41538
41543
41555
41572
41617
41633
41643
41648
41654
41657
41662
41671
41676
41681
41685
41697
41702
41711
41739
41745
41755
41766
41775
41781
41795
41808
41809
41813
41815
41817
41818
41821
41838
41854
41855
41857
41878
41879
41897
41899
41908
41927
41932
41939
41950
41951
41957
41959
41963
41966
41974
41980
41982
41995
42005
42007
42011
42016
42039
42046
42046
42070
42084
42109
42137
42139
42139
42142
42144
42155
42156
42156
42167
42184
42194
42201
42206
42207
42217
42228
42229
42231
42249
42261
42279
42300
42311
42320
42321
42325
42334
42341
42345
42346
42350
42352
42365
42410
42425
42434
42436
42452
42465
42475
42483
42485
42488
42492
42505
42515
42518
42520
42565
42572
42576
42591
42609
42613
42620
42621
42625
42632
42637
42638
42639
42648
42658
42659
42688
42697
42706
42711
42716
42750
42762
42765
42772
42773
42780
42785
42788
42798
42800
42846
42850
42851
42857
42875
42879
42886
42894
42899
42916
42922
42926
42928
42930
42940
42941
42970
42985
42996
43027
43046
43058
43058
43068
43070
43072
43079
43108
43111
43113
43117
43122
43130
43134
43138
43151
43155
43170
43183
43188
43195
43214
43219
43225
43229
43246
43247
43259
43308
43351
43356
43358
43370
43379
43387
43399
43405
43405
43422
43423
43431
43434
43438
43458
43477
43477
43486
43497
43503
43512
43516
43516
43522
43537
43547
43556
43566
43566
43576
43584
43595
43614
43618
43632
43643
43659
43670
43675
43683
43686
43693
43696
43725
43727
43735
43764
43767
43778
43782
43787
43801
43821
43826
43832
43839
43842
43856
43878
43904
43912
43930
43932
43934
44012
44017
44035
44042
44057
44065
44070
44086
44108
44111
44111
44116
44144
44161
44164
44181
44187
44192
44206
44209
44210
44210
44213
44215
44225
44242
44265
44275
44280
44291
44313
44317
44319
44338
44370
44378
44392
44398
44451
44459
44465
44474
44485
44496
44506
44510
44512
44515
44517
44518
44554
44572
44576
44577
44583
44589
44593
44602
44610
44620
44630
44634
44636
44646
44649
44651
44658
44671
44696
44708
44709
44710
44716
44718
44720
44725
44730
44731
44735
44737
44739
44747
44780
44781
44790
44814
44815
44822
44822
44827
44827
44828
44841
44853
44863
44889
44916
44917
44928
44940
44943
44951
44959
44968
44971
45002
45002
45005
45031
45032
45034
45053
45072
45093
45101
45111
45113
45122
45131
45159
45165
45181
45190
45199
45199
45214
45218
45220
45232
45244
45281
45292
45308
45315
45317
45326
45329
45333
45348
45360
45362
45362
45393
45407
45415
45433
45446
45446
45456
45460
45472
45481
45507
45544
45556
45558
45579
45585
45592
45601
45602
45644
45652
45656
45663
45666
45671
45678
45684
45708
45710
45734
45754
45760
45778
45787
45800
45803
45809
45835
45837
45840
45888
45909
45949
45952
45958
45962
45975
45976
45979
45979
45985
45986
45988
45994
45995
46013
46040
46043
46045
46046
46070
46080
46100
46118
46136
46182
46182
46246
46250
46269
46293
46301
46305
46315
46319
46322
46327
46330
46333
46337
46372
46373
46402
46403
46416
46418
46423
46431
46442
46471
46475
46475
46490
46499
46499
46500
46503
46507
46536
46551
46554
46557
46557
46586
46596
46606
46651
46666
46670
46698
46707
46750
46760
46760
46762
46804
46818
46823
46834
46839
46851
46857
46860
46867
46871
46871
46876
46890
46891
46912
46922
46927
46933
46987
46994
47019
47024
47025
47030
47059
47061
47089
47091
47097
47105
47119
47119
47123
47145
47153
47157
47159
47171
47177
47191
47194
47211
47212
47213
47223
47226
47230
47240
47246
47247
47256
47259
47280
47284
47308
47309
47321
47325
47327
47334
47342
47356
47363
47364
47368
47377
47383
47389
47390
47403
47415
47415
47419
47426
47428
47429
47443
47494
47507
47540
47554
47563
47564
47577
47581
47597
47632
47634
47645
47671
47681
47684
47691
47725
47725
47754
47767
47777
47793
47802
47821
47834
47841
47857
47860
47888
47908
47913
47953
47974
47986
48002
48003
48004
48012
48013
48017
48063
48066
48088
48091
48092
48100
48112
48128
48135
48147
48156
48158
48163
48183
48186
48198
48218
48221
48226
48236
48236
48238
48241
48256
48263
48284
48295
48315
48324
48334
48334
48341
48355
48356
48376
48376
48391
48398
48399
48409
48411
48425
48432
48443
48451
48459
48461
48465
48476
48486
48487
48489
48494
48510
48511
48539
48543
48548
48562
48591
48591
48601
48606
48628
48636
48638
48638
48642
48653
48654
48662
48669
48689
48695
48703
48706
48709
48712
48731
48732
48738
48739
48748
48755
48759
48796
48797
48811
48812
48813
48817
48831
48852
48865
48875
48903
48906
48911
48919
48924
48925
48933
48934
48954
48962
48997
49008
49016
49026
49033
49042
49050
49055
49069
49088
49100
49114
49118
49121
49125
49141
49150
49152
49158
49169
49181
49193
49196
49197
49201
49234
49246
49269
49276
49278
49301
49323
49337
49338
49339
49345
49351
49354
49361
49371
49373
49381
49394
49398
49408
49417
49422
49424
49434
49434
49462
49464
49504
49511
49527
49538
49553
49572
49583
49594
49612
49636
49670
49670
49678
49684
49695
49727
49745
49749
49804
49831
49840
49843
49846
49849
49875
49876
49881
49881
49883
49894
49898
49913
49920
49938
49946
49957
49993
49996
50010
50017
50018
50024
50025
50026
50026
50039
50054
50064
50065
50068
50091
50116
50118
50121
50132
50133
50141
50155
50175
50181
50191
50214
50246
50259
50262
50266
50274
50278
50284
50284
50295
50296
50297
50307
50308
50308
50324
50330
50337
50339
50341
50380
50393
50393
50394
50414
50423
50425
50436
50461
50463
50484
50487
50493
50495
50501
50508
50513
50547
50574
50580
50586
50614
50622
50624
50656
50667
50677
50693
50696
50716
50731
50746
50761
50763
50780
50781
50803
50813
50835
50843
50847
50848
50848
50848
50855
50857
50868
50897
50927
50927
50935
50935
50941
50945
50950
50956
50967
50994
50998
51038
51042
51049
51071
51073
51081
51103
51106
51108
51111
51113
51121
51127
51139
51146
51160
51179
51185
51192
51220
51221
51222
51245
51246
51247
51252
51262
51263
51327
51361
51365
51366
51385
51386
51406
51412
51413
51426
51426
51465
51466
51478
51479
51482
51504
51506
51508
51511
51514
51545
51553
51554
51570
51573
51577
51580
51599
51606
51622
51632
51672
51676
51685
51688
51703
51718
51720
51723
51733
51745
51751
51756
51763
51766
51783
51812
51815
51815
51850
51860
51862
51882
51889
51896
51899
51917
51919
51925
51928
51939
51957
51969
51970
51985
51988
51992
51995
52003
52004
52004
52005
52005
52011
52024
52039
52050
52054
52067
52089
52132
52139
52145
52151
52217
52227
52237
52242
52243
52245
52250
52276
52277
52281
52288
52299
52301
52313
52314
52331
52333
52333
52354
52360
52362
52369
52377
52427
52433
52439
52441
52446
52446
52469
52473
52488
52491
52501
52502
52506
52516
52522
52538
52542
52555
52559
52580
52587
52596
52596
52616
52637
52670
52674
52686
52687
52698
52699
52703
52707
52709
52712
52715
52717
52752
52762
52771
52785
52790
52831
52842
52844
52849
52851
52866
52909
52920
52938
52957
52960
52971
52975
52976
52989
52999
53008
53011
53017
53022
53031
53035
53039
53040
53049
53059
53064
53067
53114
53145
53148
53157
53157
53160
53163
53176
53192
53195
53198
53231
53233
53239
53248
53265
53269
53273
53281
53282
53285
53291
53299
53311
53324
53359
53366
53385
53387
53391
53397
53399
53401
53402
53409
53411
53426
53431
53441
53447
53453
53464
53467
53467
53471
53475
53477
53483
53485
53511
53539
53549
53551
53568
53575
53589
53592
53595
53600
53620
53626
53631
53636
53637
53637
53638
53645
53650
53667
53676
53682
53694
53698
53698
53702
53736
53737
53748
53756
53758
53763
53785
53785
53790
53798
53801
53804
53818
53823
53838
53852
53866
53874
53881
53921
53921
53929
53955
53955
53962
53969
53969
53971
53978
53981
53984
54000
54000
54006
54023
54044
54053
54077
54087
54097
54101
54106
54120
54126
54128
54133
54137
54155
54190
54196
54203
54203
54224
54228
54237
54238
54248
54271
54275
54342
54343
54344
54354
54355
54359
54366
54367
54369
54386
54388
54415
54438
54444
54475
54481
54490
54499
54506
54534
54550
54584
54599
54603
54612
54622
54639
54664
54667
54692
54695
54695
54711
54713
54714
54716
54723
54738
54741
54760
54782
54786
54799
54801
54803
54807
54829
54841
54850
54856
54892
54896
54900
54924
54928
54929
54932
54937
54937
54940
54953
54972
54973
54974
55025
55035
55035
55036
55041
55043
55046
55048
55049
55051
55067
55073
55076
55088
55102
55111
55112
55118
55152
55156
55194
55195
55196
55211
55228
55231
55259
55262
55264
55272
55273
55277
55290
55298
55318
55321
55323
55333
55349
55349
55365
55386
55401
55406
55409
55421
55436
55440
55472
55479
55482
55483
55488
55489
55495
55524
55524
55531
55551
55563
55577
55582
55593
55593
55599
55604
55621
55632
55640
55642
55661
55693
55694
55698
55699
55704
55721
55748
55753
55753
55764
55780
55797
55812
55820
55829
55842
55854
55866
55886
55898
55904
55904
55914
55915
55924
55931
55934
55949
55989
55993
56013
56017
56060
56065
56067
56081
56098
56099
56120
56123
56140
56150
56152
56154
56169
56189
56190
56195
56204
56208
56223
56224
56233
56235
56235
56247
56267
56278
56280
56294
56309
56319
56320
56333
56349
56353
56356
56358
56416
56431
56433
56433
56439
56480
56483
56490
56500
56505
56509
56513
56524
56525
56557
56600
56622
56624
56630
56640
56647
56650
56662
56667
56668
56675
56693
56713
56723
56731
56731
56732
56762
56767
56786
56805
56844
56849
56853
56884
56900
56914
56922
56930
56940
56949
56959
56960
56979
56982
57018
57019
57030
57045
57064
57073
57080
57082
57083
57162
57173
57183
57187
57201
57208
57212
57217
57217
57222
57224
57241
57304
57305
57317
57345
57349
57362
57363
57373
57374
57392
57402
57428
57434
57438
57440
57449
57451
57452
57455
57466
57468
57481
57483
57491
57507
57530
57543
57544
57551
57572
57574
57577
57582
57590
57596
57684
57707
57709
57729
57731
57747
57775
57798
57805
57837
57844
57847
57856
57876
57881
57886
57891
57900
57901
57911
57931
57936
57937
57939
57945
57945
57952
57954
57970
57974
57978
57980
58009
58022
58026
58030
58032
58054
58062
58069
58070
58108
58111
58114
58139
58146
58158
58163
58171
58173
58179
58204
58205
58218
58248
58254
58277
58289
58290
58331
58344
58348
58350
58358
58378
58380
58401
58411
58413
58413
58424
58430
58446
58458
58471
58487
58521
58526
58540
58542
58546
58566
58570
58577
58601
58616
58621
58624
58625
58628
58628
58629
58638
58641
58655
58657
58657
58657
58660
58667
58671
58677
58678
58681
58710
58717
58726
58743
58745
58820
58821
58821
58832
58832
58848
58856
58931
58943
58945
58948
58955
58957
58988
58999
59005
59012
59019
59026
59032
59039
59042
59044
59045
59050
59090
59119
59124
59124
59137
59139
59155
59158
59161
59170
59194
59197
59199
59209
59219
59225
59243
59248
59248
59262
59271
59295
59323
59324
59328
59339
59345
59350
59354
59361
59368
59378
59382
59399
59408
59409
59433
59453
59465
59488
59518
59526
59563
59567
59570
59591
59613
59629
59659
59676
59676
59676
59677
59689
59696
59698
59699
59707
59714
59716
59721
59723
59736
59736
59742
59757
59774
59775
59789
59796
59804
59807
59809
59845
59847
59861
59880
59893
59896
59907
59914
59921
59954
59963
59963
59964
59973
60008
60019
60061
60064
60077
60079
60101
60102
60117
60139
60139
60148
60156
60166
60168
60169
60170
60171
60174
60179
60214
60224
60246
60247
60252
60254
60265
60271
60275
60289
60295
60305
60333
60354
60354
60357
60357
60359
60366
60369
60383
60395
60404
60406
60408
60410
60431
60439
60450
60456
60465
60466
60472
60473
60477
60503
60528
60595
60595
60617
60620
60623
60637
60645
60645
60649
60650
60653
60669
60672
60677
60694
60695
60698
60705
60709
60715
60719
60731
60732
60745
60749
60765
60768
60772
60783
60812
60819
60824
60827
60839
60846
60853
60855
60857
60866
60870
60876
60886
60897
60901
60907
60923
60928
60951
60956
60958
61004
61006
61007
61026
61035
61050
61052
61060
61061
61062
61071
61076
61085
61086
61090
61095
61105
61109
61109
61117
61140
61145
61151
61172
61182
61184
61186
61206
61215
61226
61233
61240
61240
61247
61253
61254
61259
61267
61271
61303
61307
61307
61310
61312
61313
61322
61324
61327
61330
61332
61337
61337
61357
61368
61382
61388
61389
61390
61405
61407
61418
61423
61436
61441
61451
61462
61463
61465
61470
61471
61480
61485
61502
61506
61509
61524
61524
61526
61534
61535
61546
61550
61553
61557
61582
61582
61611
61613
61617
61623
61637
61640
61656
61660
61660
61664
61671
61687
61687
61694
61729
61749
61758
61763
61765
61767
61779
61785
61787
61795
61800
61803
61806
61810
61837
61852
61854
61862
61864
61868
61886
61907
61910
61928
61928
61931
61969
61979
61984
61988
62018
62027
62030
62031
62036
62061
62061
62090
62093
62103
62110
62112
62113
62116
62118
62121
62143
62147
62151
62160
62187
62227
62234
62244
62267
62269
62289
62293
62295
62307
62310
62334
62334
62344
62345
62350
62379
62381
62388
62394
62403
62405
62409
62411
62415
62432
62437
62440
62446
62448
62460
62461
62467
62469
62479
62481
62493
62498
62514
62515
62527
62543
62546
62557
62557
62575
62593
62599
62602
62615
62623
62627
62628
62630
62664
62670
62674
62679
62694
62698
62700
62714
62721
62726
62728
62731
62765
62773
62778
62783
62784
62787
62806
62806
62823
62825
62846
62854
62855
62858
62865
62866
62868
62889
62897
62901
62917
62919
62938
62939
62947
62955
62955
62964
62975
62975
62996
63006
63011
63017
63020
63037
63041
63056
63058
63059
63064
63065
63075
63077
63099
63100
63106
63128
63138
63147
63147
63153
63162
63168
63186
63188
63213
63217
63219
63249
63252
63260
63268
63270
63276
63298
63298
63326
63335
63335
63356
63368
63369
63382
63408
63408
63410
63413
63421
63429
63433
63437
63444
63451
63453
63466
63481
63487
63500
63507
63507
63511
63514
63517
63529
63557
63569
63579
63586
63592
63599
63614
63628
63638
63662
63673
63679
63685
63691
63697
63711
63716
63721
63725
63746
63748
63753
63756
63757
63771
63798
63800
63809
63814
63816
63833
63843
63849
63851
63855
63858
63862
63878
63883
63884
63887
63906
63910
63912
63917
63928
63944
63965
63971
63980
63988
63990
63992
64001
64023
64081
64089
64108
64110
64111
64111
64119
64122
64122
64126
64130
64142
64166
64166
64170
64204
64204
64206
64210
64210
64214
64217
64242
64254
64260
64262
64267
64276
64280
64291
64305
64327
64328
64335
64338
64349
64372
64376
64381
64382
64406
64409
64434
64447
64466
64473
64476
64477
64483
64492
64494
64498
64510
64527
64553
64572
64577
64579
64590
64601
64601
64620
64629
64634
64635
64650
64652
64662
64677
64704
64706
64708
64711
64715
64727
64752
64788
64791
64792
64794
64803
64813
64838
64839
64846
64850
64872
64874
64875
64892
64895
64898
64900
64922
64928
64929
64934
64936
64948
64967
64969
64971
64987
64987
64995
65035
65036
65037
65042
65071
65076
65078
65081
65090
65092
65100
65101
65107
65124
65139
65154
65168
65178
65253
65263
65265
65266
65269
65285
65287
65287
65296
65310
65322
65331
65338
65344
65360
65362
65364
65370
65383
65403
65403
65409
65411
65412
65426
65432
65468
65471
65480
65491
65492
65501
65503
65504
65537
65546
65548
65559
65561
65561
65563
65589
65596
65608
65616
65642
65646
65647
65655
65677
65696
65702
65707
65709
65712
65722
65732
65734
65738
65758
65800
65809
65834
65862
65895
65956
65963
65965
65966
65967
65988
65990
66023
66027
66031
66051
66053
66057
66064
66067
66077
66084
66086
66087
66135
66143
66151
66154
66180
66187
66188
66197
66203
66219
66220
66222
66238
66245
66254
66259
66263
66264
66282
66291
66291
66303
66312
66314
66319
66321
66333
66347
66363
66375
66417
66424
66433
66435
66439
66442
66450
66463
66464
66465
66465
66489
66522
66527
66545
66553
66557
66591
66604
66607
66612
66625
66649
66649
66652
66653
66667
66677
66687
66700
66700
66707
66826
66830
66832
66839
66851
66857
66857
66861
66879
66882
66892
66893
66906
66917
66920
66924
66942
66943
66944
66944
66945
66947
66951
66957
66978
66997
67006
67016
67019
67035
67035
67054
67058
67077
67085
67099
67136
67141
67142
67144
67153
67154
67159
67162
67171
67173
67201
67211
67234
67237
67245
67249
67261
67268
67289
67300
67302
67303
67327
67343
67358
67377
67378
67386
67400
67400
67405
67407
67412
67454
67471
67474
67477
67478
67479
67483
67489
67518
67518
67528
67529
67553
67600
67622
67642
67647
67652
67655
67668
67669
67705
67707
67739
67758
67763
67809
67810
67817
67839
67843
67865
67866
67869
67934
67935
67942
67949
67958
67973
67982
68009
68013
68021
68034
68039
68041
68046
68051
68069
68079
68079
68094
68095
68098
68105
68106
68109
68114
68117
68125
68128
68146
68157
68162
68163
68181
68204
68205
68209
68214
68216
68227
68229
68243
68267
68280
68302
68305
68310
68316
68332
68336
68341
68359
68367
68374
68379
68400
68400
68406
68415
68423
68423
68425
68426
68426
68434
68450
68457
68475
68481
68482
68505
68511
68517
68517
68518
68543
68561
68583
68587
68591
68604
68617
68642
68643
68643
68649
68650
68698
68699
68699
68732
68743
68744
68762
68769
68773
68784
68789
68799
68807
68814
68815
68823
68836
68837
68851
68860
68861
68891
68895
68897
68907
68917
68918
68919
68934
68935
68955
68957
68965
68966
68968
68992
68993
69005
69010
69027
69033
69038
69053
69060
69066
69083
69101
69111
69126
69134
69147
69161
69163
69167
69173
69185
69195
69201
69206
69209
69232
69233
69245
69265
69277
69291
69297
69306
69307
69308
69318
69337
69349
69371
69371
69379
69381
69388
69392
69415
69422
69443
69459
69463
69469
69475
69496
69499
69499
69500
69501
69506
69516
69535
69539
69540
69562
69569
69575
69581
69602
69604
69609
69613
69618
69621
69630
69659
69666
69667
69676
69677
69723
69749
69750
69771
69776
69785
69794
69806
69822
69824
69837
69857
69862
69862
69869
69879
69891
69920
69920
69921
69925
69936
69936
69942
69946
69952
69958
69966
69971
69973
69976
70005
70019
70021
70029
70035
70046
70048
70068
70072
70085
70089
70120
70121
70151
70155
70164
70176
70181
70197
70201
70227
70240
70240
70257
70268
70283
70286
70300
70307
70331
70339
70348
70355
70379
70436
70437
70440
70441
70457
70458
70469
70489
70518
70527
70527
70529
70548
70559
70562
70587
70598
70599
70616
70633
70636
70640
70644
70651
70655
70671
70707
70721
70730
70744
70747
70755
70765
70770
70778
70785
70795
70800
70809
70819
70846
70865
70870
70893
70910
70915
70923
70937
70938
70941
70944
70955
70958
70966
70967
70978
70979
70987
70988
70991
71001
71026
71030
71031
71046
71048
71071
71113
71118
71119
71124
71126
71126
71136
71146
71148
71172
71178
71183
71188
71204
71205
71207
71209
71223
71226
71247
71254
71267
71273
71286
71292
71296
71325
71340
71341
71345
71345
71410
71411
71414
71418
71418
71419
71423
71444
71446
71450
71465
71495
71508
71516
71546
71590
71598
71610
71630
71636
71643
71644
71673
71689
71706
71707
71711
71718
71738
71760
71764
71766
71773
71775
71795
71805
71806
71833
71833
71841
71844
71859
71897
71897
71900
71923
71940
71943
71944
71946
71961
71970
71972
71980
71986
71996
72007
72029
72040
72045
72062
72084
72090
72104
72109
72112
72117
72126
72149
72167
72167
72168
72179
72188
72194
72217
72223
72241
72271
72287
72292
72298
72299
72300
72304
72342
72354
72390
72397
72409
72416
72420
72463
72482
72483
72489
72501
72502
72507
72509
72517
72517
72548
72549
72557
72562
72572
72584
72599
72599
72602
72636
72650
72651
72653
72661
72663
72664
72672
72675
72676
72691
72691
72695
72698
72700
72709
72751
72760
72763
72771
72796
72797
72812
72815
72825
72832
72832
72846
72867
72872
72902
72902
72907
72930
72930
72934
72936
72963
72971
72991
73027
73038
73047
73047
73050
73062
73062
73065
73069
73084
73088
73111
73113
73117
73120
73141
73151
73162
73177
73187
73192
73193
73221
73231
73260
73295
73304
73304
73316
73338
73339
73348
73351
73353
73353
73362
73384
73397
73405
73441
73445
73447
73464
73480
73487
73515
73516
73541
73542
73551
73553
73562
73569
73582
73585
73650
73662
73675
73686
73693
73694
73695
73707
73710
73726
73728
73756
73762
73770
73815
73828
73831
73842
73848
73848
73860
73882
73894
73894
73905
73914
73938
73940
73958
73983
73983
73985
73989
73990
74000
74008
74019
74021
74047
74064
74081
74085
74087
74089
74105
74113
74119
74132
74133
74145
74207
74211
74219
74219
74224
74236
74248
74262
74266
74269
74269
74270
74274
74284
74284
74285
74286
74295
74303
74307
74316
74330
74330
74350
74354
74398
74400
74401
74402
74407
74417
74423
74425
74429
74432
74440
74452
74454
74454
74466
74492
74492
74495
74500
74512
74523
74525
74540
74553
74577
74580
74580
74585
74595
74618
74629
74631
74631
74647
74659
74662
74665
74670
74671
74672
74689
74691
74699
74705
74711
74722
74726
74735
74738
74740
74749
74762
74775
74776
74777
74777
74788
74794
74804
74821
74829
74850
74859
74865
74867
74875
74897
74899
74922
74923
74930
74940
74949
74960
74962
74971
74984
75005
75006
75006
75012
75016
75017
75032
75041
75041
75087
75108
75111
75118
75124
75128
75130
75131
75177
75178
75188
75205
75205
75217
75221
75244
75248
75249
75254
75263
75277
75296
75318
75325
75329
75335
75361
75365
75383
75389
75389
75391
75395
75400
75410
75417
75435
75453
75454
75462
75497
75506
75517
75519
75523
75531
75532
75537
75543
75543
75546
75548
75553
75562
75586
75592
75618
75618
75643
75646
75664
75674
75674
75677
75682
75698
75726
75726
75730
75740
75751
75755
75757
75761
75765
75778
75820
75827
75859
75860
75861
75861
75896
75901
75912
75922
75924
75944
75948
75973
75974
75976
75985
75986
75990
76000
76002
76016
76021
76027
76031
76048
76063
76076
76076
76085
76110
76118
76120
76136
76138
76138
76143
76151
76164
76172
76186
76218
76249
76258
76260
76270
76272
76276
76278
76285
76287
76311
76311
76312
76314
76318
76319
76326
76327
76328
76361
76370
76376
76389
76406
76416
76425
76427
76429
76448
76463
76477
76486
76491
76498
76511
76524
76526
76530
76532
76554
76576
76593
76608
76622
76640
76642
76650
76671
76680
76689
76689
76700
76713
76717
76736
76737
76745
76747
76766
76775
76777
76780
76782
76795
76801
76807
76814
76821
76827
76835
76855
76886
76896
76902
76915
76923
76923
76932
76935
76936
76943
76950
76950
76986
76993
76994
77007
77019
77026
77035
77036
77042
77046
77054
77064
77074
77086
77088
77092
77109
77143
77145
77145
77173
77189
77190
77192
77213
77240
77253
77257
77264
77273
77275
77284
77288
77294
77299
77327
77339
77346
77349
77357
77358
77379
77381
77399
77400
77403
77413
77418
77427
77430
77455
77460
77470
77473
77480
77486
77497
77499
77514
77517
77517
77519
77529
77534
77547
77556
77568
77584
77602
77603
77619
77622
77624
77633
77634
77662
77669
77671
77674
77674
77675
77685
77688
77693
77698
77703
77711
77741
77744
77758
77778
77792
77809
77820
77826
77839
77844
77851
77884
77886
77897
77907
77910
77913
77913
77914
77916
77920
77931
77937
77950
77952
77963
77966
77968
77981
78010
78013
78019
78027
78027
78048
78054
78058
78066
78071
78096
78129
78145
78148
78148
78151
78161
78161
78163
78165
78172
78186
78187
78199
78199
78202
78211
78223
78231
78236
78258
78269
78272
78274
78291
78296
78317
78335
78345
78350
78375
78414
78417
78437
78462
78480
78502
78503
78508
78512
78516
78528
78562
78566
78569
78588
78601
78621
78622
78627
78630
78633
78656
78663
78670
78686
78694
78700
78704
78733
78785
78792
78804
78807
78811
78821
78849
78853
78865
78880
78880
78881
78891
78892
78892
78895
78907
78908
78919
78923
78923
78935
78944
78957
78971
78981
78999
79001
79009
79044
79045
79080
79112
79124
79124
79157
79171
79175
79178
79195
79209
79228
79238
79251
79260
79307
79315
79340
79342
79353
79363
79372
79378
79380
79398
79400
79400
79402
79413
79426
79435
79441
79459
79459
79472
79483
79499
79513
79516
79521
79528
79532
79543
79543
79550
79553
79586
79608
79638
79647
79652
79668
79671
79671
79691
79693
79702
79707
79707
79713
79714
79726
79740
79752
79762
79773
79830
79863
79881
79882
79885
79889
79898
79945
79961
79972
79982
79989
79998
80029
80035
80051
80062
80064
80083
80097
80101
80102
80111
80114
80130
80138
80142
80153
80161
80164
80169
80169
80169
80198
80204
80206
80222
80225
80245
80250
80267
80268
80285
80299
80301
80304
80305
80311
80313
80314
80318
80328
80333
80338
80373
80374
80397
80404
80416
80430
80433
80437
80441
80441
80442
80467
80469
80502
80506
80508
80510
80513
80522
80523
80530
80532
80540
80543
80562
80572
80590
80596
80604
80610
80619
80626
80643
80665
80694
80694
80701
80702
80702
80730
80739
80740
80746
80747
80750
80759
80763
80770
80783
80785
80788
80789
80790
80795
80795
80796
80802
80808
80810
80822
80845
80848
80855
80864
80899
80904
80907
80909
80912
80927
80931
80937
80951
80958
80960
80963
80987
80995
81015
81028
81030
81049
81062
81063
81073
81080
81088
81095
81106
81113
81114
81127
81136
81141
81154
81159
81160
81172
81186
81216
81217
81225
81227
81242
81255
81275
81281
81282
81286
81287
81292
81321
81330
81331
81336
81351
81354
81362
81378
81387
81410
81423
81432
81432
81454
81464
81466
81509
81510
81551
81554
81564
81564
81574
81601
81617
81628
81642
81664
81670
81680
81696
81699
81719
81721
81722
81738
81755
81760
81767
81781
81790
81793
81793
81798
81809
81815
81816
81820
81824
81825
81832
81842
81847
81857
81857
81919
81929
81955
81964
81977
81984
82000
82023
82031
82047
82064
82078
82095
82104
82107
82119
82155
82160
82160
82168
82169
82188
82189
82197
82209
82230
82247
82250
82250
82263
82264
82276
82291
82305
82312
82321
82334
82335
82356
82365
82380
82391
82403
82406
82411
82412
82417
82421
82430
82438
82449
82453
82455
82455
82455
82462
82469
82470
82478
82484
82485
82497
82508
82510
82522
82532
82538
82539
82539
82545
82550
82563
82577
82582
82591
82594
82604
82625
82627
82632
82652
82653
82654
82662
82663
82674
82679
82688
82692
82706
82708
82714
82715
82719
82721
82723
82742
82755
82767
82780
82801
82805
82806
82806
82815
82820
82844
82851
82862
82898
82913
82914
82919
82921
82940
82940
82975
82979
82982
82993
83013
83024
83031
83032
83041
83049
83056
83069
83083
83092
83093
83097
83111
83118
83123
83128
83150
83155
83160
83176
83179
83192
83214
83214
83214
83216
83221
83224
83228
83230
83233
83243
83249
83257
83263
83281
83283
83291
83291
83296
83296
83299
83309
83309
83347
83349
83353
83356
83358
83359
83362
83384
83390
83399
83413
83414
83418
83422
83425
83448
83456
83463
83474
83487
83540
83552
83553
83557
83561
83562
83566
83569
83570
83581
83605
83614
83618
83629
83634
83647
83650
83662
83672
83673
83674
83682
83693
83699
83709
83746
83755
83757
83769
83781
83781
83790
83802
83818
83857
83932
83960
83967
83969
83971
83971
83975
83976
83985
83997
84005
84007
84033
84041
84050
84062
84064
84070
84071
84079
84100
84108
84113
84121
84138
84144
84149
84151
84165
84190
84192
84199
84212
84212
84226
84232
84263
84282
84292
84308
84317
84319
84335
84336
84339
84348
84358
84367
84394
84398
84417
84428
84439
84443
84449
84452
84456
84459
84465
84503
84506
84526
84528
84534
84544
84565
84569
84587
84607
84608
84642
84652
84664
84675
84680
84696
84724
84727
84729
84733
84740
84741
84755
84771
84779
84809
84823
84844
84849
84855
84864
84867
84867
84869
84891
84892
84945
84956
84962
84963
84963
84977
84984
85023
85026
85028
85034
85035
85043
85048
85071
85071
85094
85103
85109
85112
85127
85136
85138
85142
85146
85161
85162
85167
85173
85180
85185
85187
85197
85200
85217
85267
85281
85295
85317
85318
85320
85329
85336
85339
85352
85362
85363
85367
85379
85412
85431
85446
85450
85469
85471
85485
85486
85510
85532
85541
85551
85558
85572
85577
85579
85585
85588
85594
85603
85609
85610
85611
85621
85628
85641
85645
85681
85683
85688
85702
85705
85716
85719
85748
85750
85770
85776
85779
85783
85791
85798
85805
85813
85835
85842
85854
85863
85896
85899
85910
85929
85933
85937
85975
85982
85986
85989
85992
85993
85995
86007
86027
86030
86032
86037
86040
86041
86071
86072
86086
86097
86098
86112
86146
86165
86202
86204
86232
86244
86251
86259
86260
86270
86287
86301
86304
86318
86321
86351
86366
86370
86378
86382
86393
86398
86401
86415
86420
86421
86425
86426
86432
86439
86468
86515
86522
86535
86557
86590
86591
86591
86599
86600
86614
86657
86670
86690
86696
86713
86717
86747
86748
86794
86800
86807
86807
86808
86818
86826
86826
86837
86839
86839
86861
86908
86929
86934
86970
86980
87017
87033
87041
87066
87101
87106
87114
87130
87138
87148
87160
87185
87196
87206
87213
87218
87246
87257
87259
87274
87277
87278
87279
87291
87327
87336
87336
87347
87357
87364
87380
87388
87391
87405
87405
87408
87413
87422
87428
87430
87433
87437
87469
87472
87485
87489
87496
87498
87513
87518
87529
87543
87545
87550
87558
87560
87565
87570
87585
87588
87595
87611
87622
87627
87628
87635
87639
87644
87657
87664
87673
87674
87690
87702
87703
87715
87725
87759
87760
87778
87779
87779
87800
87815
87820
87837
87841
87841
87857
87868
87885
87915
87937
87943
87943
87949
87968
87974
87986
87991
88046
88047
88059
88071
88077
88087
88101
88132
88132
88141
88148
88152
88158
88176
88178
88191
88191
88203
88209
88212
88218
88231
88233
88234
88240
88243
88254
88260
88279
88279
88287
88304
88305
88306
88309
88310
88314
88314
88336
88338
88341
88369
88375
88377
88389
88401
88402
88413
88420
88433
88435
88437
88454
88460
88508
88509
88516
88548
88561
88576
88605
88627
88630
88636
88637
88647
88663
88671
88674
88678
88688
88719
88721
88727
88737
88744
88751
88754
88769
88775
88777
88784
88808
88824
88842
88846
88867
88877
88881
88889
88899
88959
88961
88965
88971
88978
88982
88983
88985
88993
89009
89026
89039
89043
89044
89052
89058
89076
89094
89099
89101
89107
89115
89138
89140
89163
89175
89178
89178
89225
89242
89254
89254
89258
89273
89303
89320
89363
89376
89393
89393
89415
89432
89436
89452
89457
89465
89501
89508
89517
89546
89564
89569
89582
89593
89595
89620
89648
89668
89679
89681
89691
89698
89704
89772
89780
89781
89784
89789
89811
89823
89843
89860
89860
89861
89873
89875
89879
89913
89917
89922
89936
89947
89961
89963
89989
89995
90007
90015
90029
90053
90060
90066
90069
90075
90085
90115
90131
90133
90142
90148
90164
90181
90187
90190
90200
90204
90204
90224
90225
90228
90237
90243
90268
90279
90281
90287
90289
90293
90298
90320
90321
90327
90356
90361
90397
90430
90460
90473
90485
90494
90499
90500
90511
90525
90544
90544
90544
90546
90557
90559
90567
90567
90588
90613
90634
90654
90663
90671
90680
90695
90711
90711
90711
90721
90727
90758
90790
90800
90809
90831
90838
90855
90882
90884
90889
90894
90919
90930
90959
90972
90972
90977
91009
91024
91027
91049
91062
91063
91064
91068
91073
91075
91096
91103
91103
91105
91110
91134
91156
91160
91168
91173
91177
91177
91208
91233
91241
91241
91257
91271
91274
91287
91296
91320
91353
91353
91362
91364
91397
91415
91423
91423
91424
91431
91431
91440
91440
91442
91453
91457
91460
91464
91467
91479
91482
91510
91511
91519
91521
91538
91543
91567
91568
91588
91604
91614
91625
91630
91634
91641
91645
91652
91663
91684
91709
91713
91722
91733
91734
91752
91782
91782
91799
91806
91808
91811
91843
91870
91874
91903
91904
91905
91919
91937
91943
91943
91972
91986
91993
91993
91996
92012
92014
92022
92032
92034
92046
92061
92085
92112
92115
92119
92128
92140
92153
92157
92177
92198
92201
92214
92216
92230
92237
92242
92245
92246
92248
92248
92253
92254
92302
92304
92313
92319
92320
92334
92384
92444
92451
92471
92479
92501
92503
92527
92549
92576
92583
92594
92599
92601
92636
92648
92650
92668
92673
92695
92707
92718
92734
92739
92772
92774
92778
92786
92804
92809
92809
92821
92829
92833
92843
92854
92858
92888
92894
92904
92921
92926
92928
92958
92960
92965
92969
92972
92977
92983
93014
93026
93027
93044
93063
93066
93066
93067
93083
93086
93087
93090
93100
93100
93104
93106
93116
93131
93134
93140
93150
93150
93152
93165
93166
93182
93185
93191
93199
93224
93224
93225
93234
93238
93239
93240
93252
93288
93304
93338
93351
93354
93378
93389
93405
93417
93428
93444
93457
93459
93482
93483
93483
93486
93512
93514
93524
93524
93570
93596
93597
93624
93635
93674
93690
93693
93699
93710
93714
93740
93741
93743
93751
93753
93775
93776
93798
93812
93813
93816
93842
93846
93854
93863
93884
93884
93889
93909
93911
93935
93951
93952
93980
93988
93996
93998
94000
94007
94019
94050
94062
94071
94085
94090
94098
94101
94110
94113
94115
94118
94126
94136
94140
94143
94152
94156
94162
94170
94180
94184
94188
94198
94198
94205
94211
94212
94230
94242
94264
94270
94274
94294
94305
94307
94344
94354
94358
94366
94369
94389
94410
94411
94421
94426
94429
94437
94454
94459
94464
94476
94483
94510
94550
94562
94584
94590
94595
94615
94616
94617
94622
94626
94633
94634
94634
94641
94650
94680
94683
94695
94697
94706
94708
94711
94715
94716
94723
94724
94733
94743
94754
94779
94791
94816
94823
94832
94844
94847
94866
94879
94894
94895
94901
94907
94910
94921
94922
94946
94962
94976
94982
94989
95000
95005
95016
95031
95031
95033
95038
95063
95069
95072
95074
95076
95079
95079
95083
95098
95106
95116
95117
95121
95132
95160
95179
95181
95202
95202
95210
95227
95229
95238
95245
95250
95274
95277
95285
95286
95287
95291
95292
95295
95309
95317
95322
95324
95328
95332
95334
95342
95357
95362
95368
95373
95392
95394
95401
95405
95435
95445
95461
95464
95477
95481
95523
95525
95528
95539
95550
95554
95577
95584
95594
95603
95605
95613
95632
95632
95644
95657
95687
95698
95712
95729
95749
95753
95756
95768
95777
95782
95791
95807
95809
95820
95842
95850
95869
95873
95881
95909
95928
95935
95936
95936
95943
95944
95965
95987
95993
95993
95994
96009
96013
96025
96037
96040
96044
96046
96055
96057
96062
96074
96080
96100
96104
96117
96124
96128
96142
96152
96157
96161
96162
96187
96190
96192
96249
96252
96269
96273
96284
96295
96301
96303
96309
96310
96314
96334
96337
96339
96351
96362
96362
96367
96383
96388
96401
96414
96428
96448
96452
96453
96492
96493
96525
96527
96565
96568
96573
96577
96605
96613
96636
96642
96654
96660
96669
96682
96705
96712
96713
96736
96740
96742
96768
96777
96782
96784
96806
96821
96837
96838
96853
96862
96868
96882
96890
96899
96915
96916
96929
96941
96947
96949
96963
96963
96982
96995
96996
97002
97020
97041
97060
97075
97076
97078
97082
97112
97117
97122
97125
97133
97150
97182
97214
97215
97222
97229
97242
97242
97250
97268
97280
97289
97292
97316
97332
97337
97340
97343
97343
97347
97352
97358
97389
97391
97411
97422
97435
97443
97493
97497
97516
97518
97519
97536
97543
97544
97547
97547
97563
97575
97575
97580
97587
97598
97603
97605
97608
97619
97619
97630
97657
97689
97692
97748
97766
97773
97780
97796
97802
97809
97824
97828
97833
97836
97854
97867
97868
97888
97889
97916
97917
97917
97924
97925
97932
97938
97948
97951
97970
97979
97980
97993
98006
98021
98038
98043
98069
98082
98086
98090
98091
98091
98102
98120
98130
98157
98169
98180
98186
98189
98219
98238
98239
98239
98244
98274
98278
98297
98300
98311
98319
98320
98324
98325
98327
98334
98335
98352
98353
98358
98364
98364
98383
98394
98395
98397
98406
98412
98414
98430
98433
98434
98438
98448
98467
98487
98491
98503
98519
98522
98532
98532
98533
98556
98562
98562
98565
98574
98574
98586
98586
98596
98611
98621
98639
98645
98653
98685
98692
98706
98711
98726
98739
98769
98779
98784
98786
98786
98794
98799
98820
98820
98820
98831
98850
98854
98874
98878
98895
98896
98919
98932
98935
98955
98979
98981
98994
99003
99018
99027
99040
99044
99050
99054
99055
99056
99058
99064
99067
99071
99076
99087
99088
99104
99106
99121
99136
99142
99143
99149
99150
99158
99159
99190
99193
99239
99243
99255
99258
99275
99290
99295
99295
99315
99327
99328
99378
99403
99408
99413
99434
99453
99485
99505
99518
99533
99537
99546
99561
99578
99592
99608
99612
99622
99628
99628
99685
99685
99693
99696
99697
99705
99714
99718
99728
99730
99737
99753
99756
99765
99785
99793
99820
99823
99826
99843
99848
99857
99874
99874
99894
99913
99914
99919
99963
99964
99973
99985
99994
99997
