28165
10455
14514
46762
63614
22065
11228
55195
5489
77669
1422
36624
9698
19498
62440
23341
95435
15501
58205
70201
16842
19480
83618
84398
96806
95777
34288
53145
30745
95072
32580
459
13243
51570
76000
84503
19356
34873
5246
40314
94680
74525
24875
36912
52004
49424
97082
31172
32535
32702
168
59526
43356
69501
93304
3156
87413
18008
36132
16223
237
52242
28696
75860
63579
22216
20266
54856
7743
93846
52707
29865
95286
65178
41966
83263
66245
66067
41319
99697
12301
75016
12043
92888
29956
26432
35365
28841
58570
97809
38873
54829
68517
99106
75400
7046
60077
47368
76370
79647
96882
97182
11029
25019
87405
89452
47428
69973
5814
35095
4175
21732
45644
68423
50284
63814
46402
39908
95554
58062
15351
33210
6654
48591
53823
22920
96284
77778
17028
87841
55483
67758
60855
32420
1367
76258
99149
95357
76260
11992
44710
91630
90356
21986
18713
196
57798
70967
3813
69723
86826
39760
105
2417
41781
24597
89009
31358
32913
58026
34149
20467
17553
95613
90567
30850
23945
91904
7686
10707
13789
78971
77916
40235
737
51928
23453
72304
8979
43151
54359
72241
51327
95328
20081
43225
14184
48356
29398
59368
7120
48875
15203
76425
52491
76249
58601
59676
83557
429
23288
54612
52488
14790
16187
21864
64280
64601
43522
93693
77064
41146
42565
43170
44465
42109
25697
61368
63756
16110
96362
15634
48391
9442
71296
14161
8095
24804
379
97867
91588
61451
65287
61313
20474
63628
1057
49408
62866
77839
83216
70046
93884
61307
31366
58671
13859
9254
56844
17365
53801
94358
42850
70151
78944
82023
54499
72167
55259
56294
99193
80333
98327
26903
24906
59345
80610
17296
81760
83540
40350
92673
42156
15041
49881
98556
68305
28860
97343
14801
30360
98448
32066
4924
29026
52844
44959
15579
32970
87837
66687
538
18739
33911
91024
90181
68518
92960
69575
44111
3165
48013
64967
13435
33042
45507
42576
71495
95324
9363
37031
95881
12574
81847
56098
38651
35764
86321
80513
15659
47356
13023
97824
47157
14672
39885
65988
78562
22677
96669
17761
66291
64406
7981
26614
93150
33767
8333
5119
89457
79402
60824
61886
2434
77275
28673
62493
15063
46922
79459
95373
34507
44828
12203
41470
33613
34318
78627
95227
98820
95477
56195
6104
33787
62527
4478
60637
73894
90066
56731
34781
29933
79112
91320
15859
28950
38534
67386
51179
3077
27897
80912
97925
30174
39071
24581
63906
35428
48198
45220
35397
49169
82455
60395
57402
23978
3249
37975
93483
19922
30955
91397
61463
50295
30891
53385
46471
31935
19629
16976
38181
95909
84317
94212
72502
18210
65503
56675
31583
80169
81601
77913
51385
52276
28483
57544
43801
20105
14056
20518
29911
70598
67669
21427
45053
94344
38253
47767
10551
34471
42851
7829
96162
34606
7039
58566
73047
71209
64922
17094
92384
91160
203
36502
70240
86717
36947
71773
33536
27609
6978
60695
69952
94113
99826
42279
25038
76376
72815
65092
30682
62964
30467
69318
17627
28974
87778
52709
349
46080
82478
52752
44510
33324
40167
76554
40345
81136
34605
13532
26839
43058
69463
34425
63971
34156
20023
11370
74087
6345
3891
88047
18506
40691
245
22379
14658
19131
36395
43434
44512
41437
28780
21470
3458
24706
53955
38011
90268
1716
43556
87673
59629
93951
15371
12644
65738
98353
19225
65331
4673
48163
7219
75205
52369
42410
11491
3851
38882
47223
67358
29596
63862
58430
4391
54534
13712
41242
90544
82160
54695
94188
8271
85588
64276
2053
25492
39602
54667
90085
76218
80958
74595
20747
56319
16951
77264
22886
81464
52516
80960
15445
23356
85842
33693
80506
18685
55067
35573
21964
62726
3645
38442
69966
82715
54369
34753
95079
29192
48017
80788
93182
63128
88978
86071
95016
46651
2394
81049
8624
67622
31178
80285
58331
87779
46536
76747
68009
49
801
68699
96117
51766
88965
35482
51939
68823
93624
59339
93354
46927
29372
51763
96401
18804
92032
58054
8043
80783
59295
90204
5897
82545
39776
65076
71465
17531
65
11975
84569
46118
72112
15014
73231
74466
20392
55323
59964
72501
35964
44658
29974
80338
18663
14193
83243
71986
15405
30316
75778
35838
17054
87279
81738
67652
14190
37302
63910
57684
17129
92583
42300
14493
68591
25925
48654
66607
68359
50393
87703
39896
963
80907
61806
8538
3531
1488
36784
48712
90499
3488
3688
77950
1012
27600
88402
27038
63270
5796
3450
20870
13381
90060
60819
331
53626
80855
18585
43358
57805
96044
99696
74923
47564
14544
74726
5153
41809
30466
95362
56723
42922
8731
60456
39420
98487
5485
71897
70958
75249
23648
50731
80161
65411
40012
77758
18124
34980
39872
2906
27710
6702
57844
38070
38133
68336
60357
90972
54900
81015
92245
27304
4424
43122
39365
44275
32788
33216
20858
19583
87498
43832
20801
12044
46750
4866
60886
44035
11420
65409
69443
68423
18625
49876
68895
95850
70655
42475
22312
54490
37707
70029
22825
72771
49373
37385
68543
7019
55228
84070
36117
35422
33266
26986
26834
6331
72599
13201
53631
75755
71341
91782
69459
45
93239
18544
22073
26864
55051
58344
98565
42217
23276
81670
18603
48451
89582
75462
16678
38220
48934
51815
96782
59807
3201
48112
77026
73353
42231
12548
33700
67935
5609
25737
53311
18975
67245
59570
464
43027
92140
95644
11388
45181
86382
74512
83673
17612
45218
99104
68773
52139
3275
60617
12922
93597
79702
77619
87277
63507
4557
34782
26130
39896
48263
89936
15457
84005
75618
13654
72194
93026
58820
52555
82652
28438
24756
95063
83414
10271
75861
71226
82104
68162
2390
78151
22817
86839
68227
53637
15715
6814
29244
62846
11699
87472
21498
61480
1649
81217
10755
80102
23561
24511
82979
55898
68310
63878
75277
66830
71795
61640
9689
7430
48376
20155
58955
47671
11346
84740
76498
52011
1565
76745
70072
19320
41113
55748
84050
49121
71001
50423
41657
39290
86032
37345
7913
79693
39080
84007
44116
59328
8946
58624
53638
82000
4250
71508
66857
92112
3588
85585
18470
15568
59804
54000
52687
34940
28632
1428
65646
85681
87101
67454
79195
71126
82291
7376
60357
83413
69379
52849
40001
228
33420
31836
77046
22263
59158
59796
99685
94410
45348
54741
40296
54475
86468
89875
98297
90279
30429
78891
97125
47342
1494
27296
8582
39494
83024
59378
40071
67489
14829
52024
99985
14261
11298
42365
97242
14908
99894
63168
30184
93813
18358
2764
74145
75124
94562
59197
62854
89094
92786
89648
91733
82975
72167
57707
5272
40060
6397
5019
31079
11477
26995
99076
62061
84428
82485
21854
6763
90588
60897
55025
90473
8414
26671
65266
21948
7169
76151
32517
62112
89393
85450
16684
35275
25517
27664
88516
4726
50857
53637
33184
38532
46330
61151
70068
63507
25748
6698
6161
87560
65722
36942
42016
10743
39454
5610
71113
82851
95842
81028
38908
74402
77820
14655
21129
33934
75041
78013
60061
51111
6197
51366
69794
95202
38396
99919
2136
44827
3409
57954
14770
9532
73815
9636
1203
27896
56150
71707
83228
92636
52314
2522
89917
85748
32036
56358
19659
82780
74631
61076
78865
28776
69371
72663
12118
37279
49881
74671
93199
83150
56624
85187
74829
33645
54550
43183
76896
1194
89961
61337
31955
34867
13421
79532
30778
83221
32675
68617
26102
13948
89140
15802
27977
34428
49946
77910
98320
93751
22393
774
98769
25115
6065
50677
76801
15982
63990
39207
38759
38119
56280
76923
79441
38681
62823
67958
99044
20265
18790
95809
79378
16229
58628
43696
3317
54203
54097
81719
82230
23507
27663
27276
54803
35026
52851
52790
81321
34871
75519
98189
20530
27008
30133
80111
74266
5927
55904
96605
70651
50835
33304
70120
32256
94305
88176
8023
6668
88754
22346
66312
64803
48543
70021
46499
42846
62670
14826
53387
6148
63335
71345
15905
62623
1374
64476
79171
14827
55365
8324
64409
5417
44916
42857
61787
11550
37949
97516
20126
31299
53269
20178
48703
99121
4532
56223
90224
65037
66625
18851
62602
40710
68079
2086
82563
66857
32219
36969
25086
59716
3749
88983
41957
86112
96249
66314
42434
792
44781
36006
17515
44720
17976
61007
5323
28942
61535
18529
769
53702
5260
34358
98519
77662
62405
92599
54713
24463
50018
25558
50065
60166
13772
60169
49583
49278
93185
28493
9276
87565
5455
94962
96310
81127
80694
5665
67141
7859
43219
73985
61611
94437
73405
92718
74794
61534
26350
4807
59736
63851
6317
8425
72650
30855
57162
58350
99295
24755
40824
23187
30403
76986
58114
32347
61767
26347
89320
83224
10987
88178
19800
93086
27618
46707
73047
10131
48748
6408
75032
21331
53453
19051
38469
60383
7429
13500
17303
81628
36952
4502
98397
24672
91415
32949
5294
15141
62467
42046
15746
36929
36830
54937
73940
61471
10668
397
31167
56640
6791
32138
36496
43246
97932
82276
23766
85071
39261
20936
78622
27787
86301
49434
51466
78066
49246
88240
8364
83781
77886
62858
73353
85336
36733
81722
4036
29761
78071
18633
18273
5578
68966
88231
8812
99050
74865
53838
76318
3732
86807
337
16816
58248
62147
27590
20451
44815
89044
92046
87148
53265
17361
48933
63746
18132
38304
40832
13410
39369
96339
66463
55152
77173
47030
75757
39497
41897
2416
89101
79426
83474
97250
6640
69857
14340
3335
93191
31648
80795
69569
68243
650
80790
53475
40108
50927
37436
13958
25947
27164
67058
89593
54801
52145
44620
10940
86980
96383
90430
86244
79885
512
95712
48183
61779
93428
72179
91874
45122
5072
77844
11553
89860
22111
78923
22410
38754
85112
51386
43878
50118
3360
30212
37768
90187
98364
59161
9336
87206
19023
66222
2471
94454
95332
61465
7116
3380
48606
99243
43117
13768
16568
8643
57551
73662
30264
54622
3204
66031
51192
48732
47091
97766
73221
82188
26680
62917
61729
97422
20905
11644
31836
71689
24146
14367
19927
67763
57945
28095
53539
98021
95291
79044
26599
17318
71446
18350
80739
50307
27068
79726
22191
46891
62187
90075
96448
69942
90485
47834
27595
36923
37928
1664
31948
56505
3974
86030
16355
6915
7550
81292
65561
60812
40108
80746
77624
36282
31188
76650
40435
74303
12414
93570
17850
43683
85469
39323
64987
94000
82412
66151
85197
60649
69185
2301
87185
56123
54342
66882
19538
50284
29330
72825
8800
98278
2013
34311
43351
53549
79080
70819
53447
62411
64376
70988
93457
42798
94921
32286
28512
56662
99537
3726
72907
25950
76950
8791
39018
59019
88985
3127
19823
28752
93063
10922
94634
98574
16807
87160
49338
30374
2834
97358
39157
53595
19712
32286
19502
27193
57582
5136
87611
67343
63058
85805
63487
89989
35824
8931
8497
16345
54120
38649
26285
37645
54974
33820
32868
97112
29182
12295
70795
70227
68992
82820
95069
87489
22346
59973
2242
44889
6391
82982
9821
61485
17255
405
33252
63500
69516
64510
34418
96055
92128
30403
18632
75361
74711
16678
67839
7474
4083
51222
68229
38115
64929
18590
2404
11779
61332
27926
73384
98394
95038
9146
2185
20254
61462
17266
4729
42201
32631
3219
99997
90790
54799
45002
59613
77966
45362
97748
23245
74735
98878
3593
50927
58542
18342
72812
30855
29921
61910
39270
6002
56509
3061
66259
96916
9112
41939
80430
36669
91799
98533
79238
50341
8766
2617
87336
42970
24535
40759
40650
1228
1733
10659
35275
68106
38102
60366
2313
23469
24836
20530
92739
11496
87274
51042
40525
33340
74672
44209
64291
5988
15122
90015
94270
74722
57434
4214
74407
45602
24362
89254
38162
50501
96493
15392
14650
8121
74960
20953
87868
67949
73694
96337
61337
65546
93027
90237
80795
88401
40208
93444
13785
97411
39092
62110
84956
71833
28990
19323
31772
62334
43431
28202
60101
35634
78981
54126
75765
63685
98239
71764
18874
27464
6814
68039
88071
849
61026
94894
22914
87433
8684
42320
78686
55812
74269
70257
21530
75454
89681
88287
26050
36151
5255
45809
76524
45199
30639
77556
71172
93854
43138
90831
9244
89517
52703
48997
37543
23060
74019
61233
584
41543
69822
49422
67136
68965
48709
27358
52559
62784
68587
83790
92248
56884
34786
43614
57018
41821
32820
28543
45281
68406
80995
47426
72902
6372
81857
94426
55495
2644
92201
48601
32173
21966
69499
80931
85995
42492
92313
68425
53324
25458
66906
74540
42346
29893
40685
37947
91362
93512
17181
56525
61928
51514
29720
48465
19488
66417
45787
63673
95820
94879
35940
95117
58348
97352
41671
16073
19144
68968
32783
42515
34441
80899
82632
82692
35849
51263
32808
83092
59896
74662
23909
53022
31240
24913
16959
25194
37047
45326
76932
52957
76640
62116
90882
58446
83356
30993
34905
48739
62415
52637
77036
68814
26112
64349
68332
92894
11208
44841
62515
22072
16415
97150
51545
9210
92254
46507
84449
75108
21955
86
17641
35900
79882
37321
83362
15732
22106
43512
24188
22959
63188
31209
62765
37296
64130
54924
40027
68157
64335
30798
83857
39119
62514
27703
77534
83083
83674
72675
12016
34777
89376
25255
95550
37726
20813
70915
85035
84465
46333
78670
13644
82421
29006
9788
85109
66027
54695
33021
43070
53978
51882
99055
22588
50956
34464
51246
74495
43130
84528
57543
28399
76172
73983
76671
76021
83049
1733
8026
94294
9045
841
45840
96040
69038
51751
43930
79945
71738
38729
56982
79124
68146
45663
65403
51247
73983
5259
94090
430
48539
67809
93150
4567
26179
65263
73990
3692
69602
34505
75244
63413
73069
25961
41506
60102
34822
27629
75924
53929
83448
58717
40050
74762
83418
18595
84984
95287
59209
65154
63006
2039
17400
69083
59488
39147
60359
66879
7565
2038
10192
34753
30114
4645
94982
7284
67529
34282
10530
63335
37661
43576
60772
54000
11464
84565
53758
22567
80305
11043
60271
84680
15601
40568
61418
30442
36931
29271
25472
74432
69891
69806
12007
88663
41899
10313
61095
35934
72796
73304
43308
34535
4686
66677
54444
17062
76136
46994
90029
20166
56483
82755
17851
48486
47284
93998
52277
21455
28099
7031
23009
3638
39963
21890
93884
95121
91103
32921
24018
81964
35237
4270
40381
53397
35716
10132
41520
4306
19173
26736
79543
34745
5337
27862
63217
80937
83662
83160
74284
61526
46876
65480
87937
32550
85611
27999
7519
30021
83179
79342
74211
33618
52433
11
97889
94421
84534
84263
52439
59045
69053
78058
57183
5524
50181
36615
79668
88889
60694
77792
52938
29127
91543
8800
87760
96941
59707
93690
90977
28436
15966
7652
5320
92230
1381
94152
88336
86232
40846
75391
24547
26779
37609
80373
87545
72298
74788
89861
16041
92246
1602
77240
16616
78601
45159
74585
27230
61145
44086
85750
17311
61660
72104
52151
47325
5172
35391
87949
42505
11735
95368
17662
31540
41927
78785
95943
38509
4302
80510
74821
20195
99765
22671
82334
90320
28341
66978
80822
35420
21205
76782
271
927
53148
44215
43477
36616
17420
81842
98692
85770
22923
83056
61267
35994
66433
27550
56650
71805
76775
41499
31927
31026
77913
67099
61423
39905
77358
14059
28619
52067
33863
58848
71444
11315
99546
61524
3871
9710
12638
35715
12130
4106
15538
82993
9146
2847
47389
77418
71900
8494
16630
36510
15237
46416
53984
94205
23336
431
40426
20642
23901
46442
17064
68769
10843
17741
91241
71026
35186
9542
91156
17707
29513
4335
93710
44790
44630
37621
60870
25456
79045
69862
1119
69535
17161
75664
80572
14511
73445
21154
12286
51703
6470
69785
55989
47153
84945
32713
12213
726
80502
22542
12106
98621
24278
53031
29422
51733
51599
48066
944
32551
37237
63711
34436
82047
70437
48510
14482
9161
91811
8338
94126
6521
51720
89691
54972
87405
80142
28193
72934
72846
88203
12403
14177
6761
57978
42084
9244
54929
80522
94136
19613
23040
49394
41011
88191
64577
77517
91075
79586
31352
58988
82539
79372
52354
3094
75087
45666
36207
17378
64872
15504
59921
48241
70730
61184
60853
17037
41555
10509
45988
82591
80523
31668
23443
35839
2167
58832
29038
53589
76319
70937
10075
62996
44718
34549
1436
50897
70181
49913
30638
86270
74274
21474
14095
44863
26850
97242
29090
11762
99040
10748
97122
46045
25184
36787
75506
56190
28789
79553
67249
28041
84417
60595
76532
56786
59039
31860
52469
38939
63252
18618
13907
86086
59194
54087
43584
27741
15723
98169
13890
68604
10998
39964
91870
4750
50580
49301
74962
95632
21877
5297
889
99434
2471
75111
69147
63100
86415
30640
41452
98358
96124
39280
59774
39318
13650
36783
72832
41001
44610
55582
38632
79972
45975
87246
22000
40260
20735
45837
94274
20586
55349
18614
92444
75395
81095
75973
56154
54603
37160
98653
63276
76807
77633
50155
47226
95334
25026
34435
8857
49996
233
38707
42206
79472
76717
84308
98120
47777
18643
69163
80740
23447
84459
18169
28346
26008
76110
33323
96100
42716
25241
81354
74423
15368
97854
29834
68450
99728
57507
26876
78010
48092
60645
42137
34018
14547
17746
19605
15979
27582
66667
57224
43839
96273
27139
75948
96157
7412
38349
80848
34916
97215
94706
72062
24162
42325
96736
42483
49875
95944
11957
38164
98586
80543
7776
91424
58657
68743
62061
29211
24699
1537
95873
72695
68993
2706
47159
7844
53763
13603
62599
62783
29531
45671
95768
99705
90809
68517
10625
7065
29166
70870
92119
6693
88435
4969
55421
87114
31371
4700
74330
1034
12006
36999
96613
20509
27723
25070
84319
91110
31788
65561
80313
40519
82169
358
64260
76031
74400
68302
87364
17180
40665
37650
53299
49462
77741
61085
9953
35615
39427
7026
94641
77190
59809
97343
65596
3877
95238
10919
97575
74580
96187
2647
37873
58821
88671
63369
50780
5536
54128
29284
50394
9417
97536
47841
2177
49055
1422
17927
75677
18737
57030
60620
34844
75646
49843
75543
81378
5686
38350
43458
26397
97780
65287
85594
59399
43405
52999
60139
28081
31053
89501
30910
10828
79707
25400
26788
7003
40182
18395
13916
37838
56120
29284
61613
27601
31892
93911
46551
64572
75682
54006
39712
24389
24423
89465
86421
91567
69232
68280
12187
9143
55401
67173
8316
75325
49727
88314
30218
26518
40899
14382
85791
57847
57305
1950
65471
331
53195
27278
42899
2119
54786
24310
22945
62955
67054
32549
17317
14505
91943
59676
23533
93714
74867
19342
21674
87041
78274
15329
39283
90721
98784
93935
3246
40593
27088
487
53969
44313
57449
579
55642
38385
78849
65537
62897
26166
26701
89620
15960
61303
29512
59567
46760
86287
64792
11990
97833
93417
75537
78258
16563
65285
63988
3830
10062
73120
69621
52587
91734
9
54203
42005
71946
65078
69475
12316
95031
13331
3353
60698
85716
31471
13076
50693
23664
71450
85043
22192
34833
58521
62381
3025
25441
87391
87218
6490
92928
24000
75543
52971
7116
18725
26435
73447
37915
361
10382
94615
62557
41617
99820
14997
98334
62575
23041
64119
86146
78733
86202
497
20900
59880
9899
6861
55524
55409
89879
14076
78957
9870
57241
38441
70089
81793
68799
62446
96527
48236
63992
32210
95605
69539
35757
35647
70778
74286
60252
11712
39354
8953
82719
1430
28337
41227
47403
61271
10916
90894
80747
27464
64875
31260
17936
85975
60653
51723
9350
87408
67553
9897
29511
61969
28793
58069
27981
77529
28463
95464
18672
66892
23778
82714
66489
62307
79528
61795
67016
10340
13133
91993
50274
37237
87469
50941
27593
18415
21349
94550
60846
28565
27978
90711
48695
72709
77192
7998
3712
47119
31650
12173
97222
9911
31322
19682
38348
63833
15029
85217
49050
81275
27850
88678
15060
14717
80097
78656
67739
51121
3540
9057
94743
70721
85813
83214
76085
86908
64892
69609
19244
49464
23482
18476
34256
37324
49670
5506
20406
66282
64838
88279
5241
61140
10280
82510
79638
51038
25593
80153
45734
31690
18221
76120
22915
65965
61312
32559
85071
27534
51995
59963
61694
14827
15712
57440
95292
16807
11349
3067
51606
75698
89569
90959
82031
68434
32436
98082
26776
85572
58856
95074
55479
93044
57317
92115
69500
26264
48063
4158
96899
40212
88059
48324
79251
95295
5857
25105
96568
68316
28912
553
4300
15568
23138
16847
9700
46046
4882
76821
43632
83802
24290
66442
8713
67478
53698
63599
630
97970
17482
21340
58628
63586
49883
97020
36596
26890
81680
26980
15970
30693
85854
16988
34935
96577
24540
64166
25438
21625
67289
49361
50803
94264
47913
84367
417
67942
11046
3399
95584
1282
9407
38914
55993
80963
91652
60168
76278
16350
42658
85200
10997
97229
82654
62460
92549
92576
53874
73480
87196
44822
86818
61868
44822
65035
49695
81106
53114
78350
32706
23868
62103
44515
34343
58999
87106
13726
57709
66450
36761
14416
50259
24007
51896
22645
94626
36469
84727
47419
49118
63858
87388
94354
83693
77937
78853
28366
24897
63041
29752
68046
48706
79881
65709
41755
65081
87779
52771
9627
66197
82335
42785
27563
1562
94180
32265
85610
87800
18276
83032
62868
85609
5600
77357
43767
58158
10930
85719
7332
71205
31289
55753
23960
36154
67973
13513
49938
78512
8063
53039
8661
12292
46337
68205
19903
63529
21623
9186
39015
25282
83353
59893
60503
6877
68861
87430
61172
65712
99685
22290
56356
52377
85933
7313
63368
40520
21133
53281
18548
37779
99857
97280
8979
10726
83605
56959
87644
45131
55904
34214
84642
6955
81227
41343
9908
82806
4027
55949
31841
68367
28393
63153
37822
11470
53017
55333
29173
18335
46596
89058
11003
19454
15731
68267
13875
68079
42039
15851
58378
8509
93351
32753
39048
32093
12987
5480
4419
48865
66319
21220
99087
76311
49201
91568
54953
22423
77851
29025
3943
28062
40882
83291
94844
51917
98611
17733
72557
18945
14969
63481
81696
78908
26426
33322
92821
7828
21567
68125
50696
22290
89843
88218
89963
57577
38239
4987
10674
99403
6759
71418
46403
21584
59736
29286
63056
31909
82470
82430
66545
71859
72507
63855
14002
26695
8133
27774
8059
11127
77547
32683
52005
15294
75912
16102
34650
20195
88769
6064
61765
69499
99054
72867
32698
40753
61253
22499
16242
65504
79998
98406
9280
97948
17401
34849
23361
83971
58173
10401
68934
18213
52960
10943
42916
1835
86590
5818
65322
73770
33327
39004
52039
61327
88243
85776
86614
8266
78172
65834
53464
86378
81159
79516
78223
42750
4742
67377
75827
80225
26565
16938
64111
55273
88509
19687
70518
38484
53399
52288
994
45214
83487
35816
63514
78027
20406
9329
55621
18271
22886
50586
52333
93090
14263
73338
38858
40306
95928
60079
81767
38471
73541
27202
84849
99994
8864
98854
48903
16831
9017
1118
14349
80619
60265
48642
85621
36107
84544
18942
52132
16519
83634
71345
33020
28953
84071
47024
81030
47240
83097
16059
35595
17566
93225
80198
67303
62244
36909
33835
39551
25486
75546
95987
23720
88784
72482
82532
73304
55820
98726
740
43068
46666
17205
98919
23108
9720
74689
71944
17551
97603
95782
52237
22589
56767
93106
80750
97332
39126
1689
36963
963
10496
90115
57082
95116
10744
15319
81816
78129
91353
85577
65702
36853
48591
12265
69306
75674
4178
9408
36347
89432
29777
21670
14248
34523
59262
6431
8516
15838
40403
18675
4077
35940
82455
82921
73756
98091
76700
44242
91177
90544
5367
60333
56557
57374
62557
35871
46557
94198
29045
35888
80904
65655
64262
89039
99290
95756
2866
29971
44161
27043
21961
16350
51506
49957
94816
73062
89273
67201
88630
75248
89564
53431
40222
69750
11765
14919
53231
96295
7985
32706
60923
38049
79863
69010
77514
17385
16951
63917
76680
65501
65862
25018
1530
58931
66464
31833
64254
17982
87496
48443
22512
12865
96742
81242
8184
97547
54101
20490
21606
43399
64711
71267
74316
91903
3691
96777
63887
76427
45232
43912
46857
32819
43072
26845
15312
11879
50214
14180
54584
39864
56600
79671
76935
51756
35189
71178
53592
47230
55488
45985
77931
56224
66851
7573
72691
9901
54196
41444
77403
363
71841
50010
51426
44554
64969
68744
15727
20321
76855
26828
99608
22536
85486
15405
26433
41538
32214
97979
71247
15819
94895
99018
7549
64166
29406
16035
55046
82064
99003
85937
21895
32662
22827
85317
5061
86259
66220
1975
41117
12965
52699
41681
48962
6508
62806
38857
93083
97060
49749
1450
19786
98180
7634
24878
83384
54481
84212
18732
54271
8862
54137
47025
18389
96190
91943
13203
9814
19070
44474
47754
11415
10551
6364
65124
25001
74207
4461
27268
69033
25954
43566
53064
98574
11688
63912
37490
39005
19229
18665
31720
4419
35760
76477
25958
44708
47259
74523
66064
3152
23091
37344
18470
85352
94118
31119
36484
43821
37718
52785
49197
32784
91905
47308
16632
45308
74629
83699
60171
54344
81699
11544
97347
44012
23785
59698
55035
11912
5665
64170
51185
66187
4647
78236
19337
67035
51406
17331
93524
55262
31516
51745
74285
73187
72109
53955
61407
76766
19070
1623
40771
63721
76285
12115
63716
69562
56433
50330
45315
218
95481
53785
2527
45803
85835
48954
6286
58616
9660
27278
9793
56805
32961
62018
79608
71806
49538
4582
73989
93674
48925
19745
10775
32822
68034
89138
9979
30469
27321
10864
2147
61810
42625
62093
38362
21469
13118
33453
83296
88982
38343
64338
46839
74699
96428
47211
13902
22830
63437
31308
36384
99056
85048
47554
91134
70991
73582
3608
30600
47681
44951
51146
16564
63753
44737
42609
1144
15631
80101
5034
31173
50574
8102
38027
77711
35211
63147
85558
32729
16040
57208
35667
60064
22450
31871
90727
55924
46804
50461
53736
39231
76138
5732
24457
11867
57201
15859
82312
40287
13338
30346
51108
6513
49381
49276
91919
53198
85023
91752
52502
43195
9135
78317
59775
59354
51632
17360
1783
64210
28661
69349
67655
19408
50064
71897
77189
17643
83111
12293
98706
8098
57217
60732
60156
27648
37015
42637
3476
90142
60715
93234
97916
8007
88959
26523
86393
82604
12746
53477
91168
80508
43643
57837
44506
42800
84506
27557
72509
2572
45415
87657
33483
96712
16142
73585
15334
62955
75517
16293
80206
81642
27236
74922
42996
31497
80759
29025
16101
34227
51580
74270
69337
73726
69388
12475
1859
94184
61322
86304
33750
22987
97002
83283
29175
46503
66303
23489
63408
88576
45656
34907
42350
1851
18774
74105
97598
28350
2708
68415
70529
89508
59139
81255
41408
45949
52989
26291
28908
5730
17761
22770
50945
68815
19223
54343
95000
74452
44225
84144
38574
67
67642
6775
77693
59225
66649
20961
85103
49417
25794
25477
77568
8595
14214
53790
73088
33594
85485
20555
87278
41951
69837
70587
4506
55318
77688
83969
13609
23222
2949
40258
76287
41815
80702
79543
48088
70048
56067
82449
74659
16112
18480
94464
19181
90758
73562
70966
37150
16300
65338
92503
51071
17171
8276
14452
80643
19589
84149
8330
52427
34754
47321
10484
85167
68897
74940
6127
73860
62664
73038
5002
76777
33397
70938
23857
22302
54807
27490
15724
92965
8500
70599
52686
33651
95083
64126
42070
51812
27345
39133
8458
53971
81410
11597
80590
60431
22855
23092
57596
80433
87017
27205
27919
68505
25548
95935
30474
97389
22819
54937
92302
84891
16660
97076
49181
91440
82913
29182
12626
76186
28205
96309
42879
90460
97605
94708
75006
33839
98239
45558
53391
41051
49125
88508
3827
62593
56622
73141
97917
42591
72397
89668
27923
91073
61436
61656
74021
94616
86515
1445
13398
44108
21697
56060
27010
7064
80927
72117
82411
25640
37988
46269
98238
54237
75726
78019
59721
81857
10448
57466
77346
95229
27323
2070
52715
53248
8835
69308
10339
44319
83257
54415
60956
14063
2713
4815
43497
40512
25937
41817
76164
84526
806
61763
63980
81798
75922
65071
50025
74085
85982
47632
39274
99328
26536
10961
59563
55035
46100
47256
78919
51160
84079
68699
46319
15985
2900
19994
24113
39842
34246
24987
52360
70441
51465
64650
8804
43134
86748
73882
42194
47507
47986
18998
36687
75178
59689
77074
46040
22787
20769
53737
8515
17066
72040
37054
11195
69613
57345
91353
2869
52054
11261
54190
19946
6174
53921
58710
76902
3048
59845
22454
76276
90695
15633
69659
91519
11001
40622
95309
8615
42780
41654
7135
48091
12175
55102
18680
59409
5344
11281
66291
98786
42886
68583
55780
90711
96853
7397
27163
82168
35970
21288
91457
81225
98711
66951
32483
66924
12000
4113
57530
72549
94307
64987
44187
80701
77257
60450
22021
69126
83755
81977
3826
40760
96009
68935
55699
84226
85339
79499
71610
28845
94697
13398
2920
52089
88191
92157
82406
33627
74492
38947
86370
39521
69958
80442
35690
32566
67474
54438
19499
48796
70489
78272
48147
74269
41111
98645
14903
55593
7491
28932
91625
66945
63065
59591
97563
95657
39262
89415
472
61557
67843
561
22838
61623
68957
93486
89363
40486
90225
37018
46912
55753
68643
37544
62628
35399
95160
75553
13621
93524
85551
87543
44518
48548
64948
9670
57373
69496
16289
62403
96252
6294
60289
34083
37584
24305
63511
31867
92248
41932
84607
82209
5760
50994
91431
77399
99913
51365
93741
98186
40951
26529
74350
82438
8533
65310
16919
19250
96821
5108
93288
10432
74949
95753
93776
58413
96654
60645
92778
14804
96037
61988
19238
21662
3165
59032
17856
61382
11958
48817
19630
61509
15354
44671
39001
79315
20803
28639
73894
35938
81809
34701
47494
22136
80467
31418
94071
4335
83650
3710
28168
8018
98779
29313
31073
20838
1162
884
26733
33182
63260
1394
22661
25575
1142
40655
59789
33870
53636
87585
91062
72029
22119
75643
68163
81172
59124
76593
97292
68851
51889
61687
73193
65677
45393
85986
16311
67865
78821
96573
37607
8607
67817
42985
28820
90567
5014
58821
41879
88744
81432
33739
9141
51676
51103
95445
97619
86366
61117
1897
11936
91479
43670
29719
81929
24666
45093
91271
71414
86037
74492
66557
28852
18477
74417
9631
1092
97773
35399
50296
54664
21210
41855
49849
51511
24717
57937
33419
37317
35920
47974
93753
53682
79400
3160
60745
11788
95749
45684
8005
15619
18447
14532
64971
60677
44496
71124
34907
36438
11372
3048
84292
91233
1947
32816
83614
53852
58943
40445
85532
57349
3418
6977
95033
28398
38428
53011
81509
56189
15076
45446
39294
9385
92198
83709
63883
12189
63059
60246
29875
98352
23497
76689
69976
82679
8556
55489
21946
4475
9543
21853
78048
52243
29023
85146
80808
42788
49993
25377
97657
64204
45592
13472
12700
78161
7182
29642
14431
67518
90855
7247
74454
61182
32304
30518
41246
16830
84113
44636
50017
41149
20431
44853
61582
42765
56439
18885
91177
13120
84771
27927
99628
51479
58667
94866
31135
15114
9679
64142
35198
76361
77470
50513
26969
99592
37898
78811
26952
7707
10916
49894
31949
50024
94910
61006
64704
85281
19291
75859
30161
33546
84041
64898
45481
3254
4445
2396
54023
97836
74500
77486
11612
44583
84855
13171
11889
34433
43595
61004
70331
63162
70457
79889
99518
98895
50656
57080
96660
12805
41838
46315
29171
33961
19701
50068
88842
53273
74971
82688
61035
14263
40155
97993
11798
77809
31452
13571
12563
14978
77400
61307
85028
73905
63928
36791
88899
10787
73151
17717
98799
38358
78345
98319
72168
4849
41818
37662
40508
53756
62151
42572
36688
67234
71183
25954
15432
33845
51577
33871
58743
28023
37612
91464
12171
17601
72676
90190
40522
57468
48461
64895
6718
4896
74398
14171
43932
32560
60224
98831
51508
99874
82264
96080
39675
29929
29111
41963
13860
73650
62806
77455
81820
88389
26193
96705
51081
28789
15719
32988
45888
88132
98038
13158
891
28972
47383
10629
7700
65360
94366
70548
40558
77907
24441
33903
99973
9502
5602
95461
40899
4722
82663
14177
76002
60768
11542
29010
76027
27712
80169
17159
61062
50868
38399
79513
99622
1505
71031
95698
40688
73062
17895
96996
97493
52331
10733
90131
32209
31867
226
36545
25185
57073
65548
49337
92153
37739
53467
22586
79413
23675
68400
84121
81351
43842
58413
49846
51049
5078
36370
24598
40161
44392
34303
20306
55693
92921
34523
61240
30579
11614
19578
59954
7602
96452
9225
62113
56140
35735
53881
73464
7412
45034
13101
97443
58111
90293
85779
60008
62630
94634
81186
71126
15482
27584
64381
36376
22446
83975
24119
57187
4338
67412
60901
42659
75497
25787
85367
52831
29262
39659
18231
29142
91241
89811
49193
32057
94230
30653
73117
15351
4326
80314
63884
40061
80114
29375
1345
58638
94062
78027
7963
62975
92668
2173
13952
50337
47061
36954
77703
96025
84062
49
19155
29129
26593
13601
82539
23705
86204
67471
48638
80245
54738
59170
83425
3273
96995
48738
32469
75820
40219
24147
10391
40555
2466
37083
48562
6596
33867
6036
14638
6660
40843
53981
91103
61405
10777
75592
61389
3729
12005
18556
1766
5747
93816
66439
83347
93100
14808
75985
79175
59248
5028
68098
70944
1430
60623
85180
33861
83249
95250
69925
64813
78892
39564
40925
43778
71673
43503
27241
99753
21249
50547
67144
73351
22118
91996
97497
15876
59137
22267
71273
25325
17858
41857
78633
16798
69381
62778
97041
41073
47171
77499
82522
80441
15800
98981
59361
55599
20002
23327
23490
55934
24900
32305
26623
40549
47908
93104
35051
47363
65468
65101
12546
3257
39406
36198
42207
43537
77288
86420
82469
98102
6595
1954
96868
38827
30435
9287
96161
87437
43725
78508
43764
8657
18377
39516
97888
30025
69581
56853
71118
3795
50998
76016
24804
1695
87518
29697
96565
25939
94170
68105
68784
75006
60876
64242
64122
53921
38435
49323
39301
68650
22310
70978
10604
66084
20091
90200
70440
80796
16234
71286
35130
27127
96013
51919
80626
28324
91604
26437
91274
72572
51899
36177
90634
46293
3919
29297
87986
73828
89679
34645
78588
28920
21458
22287
91460
2592
72045
49804
64110
2935
47888
85267
66254
98414
80810
54388
7398
5210
29312
3898
35400
87674
58401
69676
29672
35871
70846
88751
35305
75976
77294
28512
34821
53962
5627
26177
19899
18269
8450
41745
71148
3329
72409
46823
29614
92451
10167
53511
82815
28211
92471
11407
61050
7318
79982
80250
51139
2571
55472
30893
30701
11947
83422
4809
41685
85412
64498
9315
44943
48376
22572
8661
69291
28118
92969
18448
38482
45456
98739
38763
53694
81815
82197
39568
93066
65642
34906
25300
84844
16124
794
62481
4700
19856
47429
18439
87639
13642
61546
33133
23568
64494
40124
84100
80469
97796
92695
20577
66465
50191
7922
99578
77430
36125
32442
85138
24488
35224
93134
75531
41950
34410
42144
62289
85034
13765
74930
89225
82356
1909
39976
94901
38358
6956
52670
16927
9750
59271
35814
77920
4457
56930
68209
70747
57891
19047
93240
70197
75562
68917
32594
65492
48494
53483
23380
40609
46987
20361
75383
98820
79209
16365
6590
47415
94695
30232
61862
7017
82723
58009
84165
11699
28564
31777
48432
20347
47563
28465
81062
66375
85446
1975
91027
43046
54386
96314
45199
25651
10757
47246
79001
78528
69066
27677
80301
71410
21103
29743
42773
12967
63725
60928
1913
50848
77473
88314
77349
76886
92774
45979
37705
42711
49434
26438
60827
20347
54044
6566
36742
62350
55321
30476
5363
91993
20062
60408
85026
32505
21122
57901
26323
17057
11444
87943
21650
20216
74295
82484
89175
31788
26035
95392
20599
49351
45994
81574
3480
19068
4960
51262
26111
2982
52446
27866
87336
68891
64553
56630
33910
23880
21760
63444
6860
68475
58139
39159
19865
21884
37017
30594
67483
12286
37228
91423
6142
15462
84963
32241
17588
89781
71970
88413
75618
8889
14334
15567
99561
41813
47581
97519
13063
77143
38152
23385
80169
73842
3382
20483
35239
21562
99142
40110
1979
4027
44649
34982
37636
36117
48831
94369
65090
83013
59199
61907
77826
36880
70559
23388
96367
69869
48226
93482
77379
15053
76327
66087
32622
50624
81781
69201
54714
12116
32030
6884
10799
41432
16061
60465
40350
80404
19723
55211
19496
16168
80540
45032
74984
69277
23644
47691
62461
16249
44716
28399
63679
57217
71204
76311
63849
54133
73516
88234
61215
39431
15966
41982
78804
59005
50054
18402
64217
51113
72517
23950
17039
73553
72599
18327
63466
14916
37125
61749
72653
8440
98522
9036
86591
44485
48295
94242
61086
4569
5111
26509
2317
42011
32912
64111
85127
25817
49016
52473
48653
37761
66203
81564
27316
88808
96768
37494
25846
22298
34094
31282
8015
81141
13841
20191
73675
4518
74691
34223
74307
5486
55386
76389
88454
91257
27391
3203
71207
53411
16078
82508
84892
32459
51783
8098
69206
17227
3692
60765
68907
88209
6460
92594
41409
40865
28604
68457
58577
14696
23001
53441
70979
47597
19885
29340
30011
62698
41212
52674
83281
50116
10303
21459
76076
59676
67154
39008
31741
24302
3441
85798
62437
15829
10073
98300
47247
56013
94715
63382
97078
88087
96351
66180
49504
18912
51478
87628
38729
91843
38018
28315
33144
51985
75205
82250
4857
88636
25315
24075
77634
76780
90838
41168
82365
78566
77035
86591
48911
14059
5527
44192
8384
32926
64590
3494
80845
35986
91208
48689
2491
77602
31624
15009
3386
80441
65036
33727
32785
39340
87033
58358
39382
82247
39788
83971
23827
94584
51127
16205
79830
41908
77968
57019
12152
89258
80770
51553
65253
38972
26627
11314
4461
36239
10896
22179
61071
54238
13666
91782
88148
54723
18484
5463
60354
40878
53049
51957
88460
65647
68181
41501
94483
48628
46182
16978
28282
4927
20839
94989
69920
15982
20408
88881
60295
44589
81063
70616
37235
76689
76915
48487
71411
18220
31083
85471
55272
23682
60148
18389
85579
56349
13564
81336
61109
39858
92601
61637
80397
22349
39694
50967
52698
52762
55073
62267
97268
45986
86929
2883
59861
34229
64434
99067
48811
24272
50380
94459
82627
41412
7258
85910
83570
25320
42648
79363
37584
6497
47059
81287
48135
99064
66604
25986
89784
93980
41457
193
18469
81088
6047
12674
92501
48004
37750
72636
37950
97608
66997
87820
62679
48158
69776
91937
19531
96057
21705
70283
16207
41697
99874
33432
66057
61441
84867
67647
83682
21994
22522
6640
90613
58546
68955
78892
22649
39890
31137
39926
82708
33291
56267
29563
8088
58677
92648
5393
7618
44928
39018
53157
68918
29915
29975
32653
30364
70268
59757
76814
70339
27191
83769
43423
5746
73695
44572
69604
20176
37003
892
23318
40991
29998
47821
66653
56949
64900
50026
28047
85363
50761
31521
2439
60783
24718
88961
25018
62947
50848
59677
25338
57363
88341
81432
7083
27932
924
31157
45958
74875
17709
62469
25546
98364
61247
37298
50848
24831
30745
65383
70809
83214
68426
44210
68051
50141
71636
67405
86426
56309
89704
28206
26094
40378
84664
33246
14696
50781
14634
32620
40002
90972
60473
79398
25444
40964
3862
62269
66
34913
70379
21593
63410
83176
50847
52580
14638
9801
39943
62731
62379
25459
16896
90654
20927
8023
94595
33768
44814
19306
61259
17776
41334
40991
65491
3619
71760
19856
56081
92034
56480
75751
66893
15588
39996
90557
64708
1476
88254
79124
10146
44651
42156
21915
88338
67035
91467
78148
78269
63965
55298
98685
78462
55886
82706
63557
19956
82653
63592
73848
64652
14492
26413
50855
15724
75523
10912
68649
79898
11525
83456
30871
21413
66861
41059
43486
25319
75335
52281
14381
60174
42139
68013
40848
34737
34203
20517
9221
61109
97619
42341
3738
17153
37952
65364
86522
80665
50133
52217
74133
14975
83562
53409
86690
23488
25949
91440
2749
40194
8818
24004
890
66943
4362
29645
29194
85645
5622
1227
62388
58218
31462
48731
19892
7005
16832
84232
96303
86970
76063
38980
56353
68919
16356
35664
97689
20975
96062
70644
41572
94754
94050
5254
32739
98412
9933
75944
77299
67237
72299
84394
26472
76448
83192
18539
58948
54850
20194
11307
5228
84823
14884
98874
23649
22597
38970
16390
92527
65696
99964
17978
85896
75532
6708
61388
79459
94211
21234
22019
11700
57483
40627
70800
22441
82940
79307
95603
77622
41959
3196
19363
74775
92707
6755
13935
99714
49069
77674
72991
46586
35144
96301
73192
12862
85993
53804
84963
99158
17547
46301
37428
80318
18477
8751
71972
88305
44213
60650
72930
73162
8190
93909
96915
28456
68128
47309
26777
31948
38586
71254
86318
16483
56152
23591
12018
21968
3929
58657
99136
49398
62090
3263
37269
77019
6476
36370
49684
99793
58641
72963
18029
47725
38687
50622
77213
8126
46418
89303
96862
19338
98979
68837
63356
32343
46500
69921
14646
92319
42638
81454
4725
13829
2716
33283
38360
93389
73397
4423
12202
70085
91431
52506
4265
81793
87130
77603
32305
82321
5971
86425
12492
98935
74705
7423
70307
21249
25904
7203
32702
49920
6390
74665
52446
73084
49898
63011
1634
26414
64629
95687
93743
85362
74850
75389
91634
89393
48156
73113
18781
98274
6401
62036
34433
33981
54155
14097
44747
16102
73487
52842
44917
44739
20987
31707
55866
51862
70770
78694
99693
16974
35568
6347
68094
17044
82862
36648
87815
48355
99533
61226
83031
50414
85783
64214
58745
38010
28054
50339
44378
81617
88433
19463
61837
29039
87915
53698
96963
52003
56914
95729
79228
63809
44602
14683
44398
55797
2678
65344
24638
22983
62865
61671
98820
8551
14059
82119
11580
93116
49636
86041
1936
92926
21164
77042
90281
74354
75217
58179
45111
48425
4938
25160
75131
50463
95994
92972
53282
6321
84443
5001
45995
21877
15042
55196
76270
27747
3595
14118
76511
36464
65800
4017
2958
62787
47415
17098
62118
90889
8451
72007
80064
62615
4789
56667
28786
68400
11373
76950
651
96046
60305
91364
64662
83967
26572
8762
17527
17981
96414
22050
56979
32390
76486
84064
37419
45292
49088
40243
7071
95539
38432
95076
43675
84608
44280
47212
31656
65403
81721
38366
16226
79550
83672
71844
55440
90321
2224
37541
96982
72760
29169
91064
76736
2633
47377
69630
43422
50175
88846
8243
28978
36313
10170
87664
68732
11622
53426
3071
20620
7528
14798
39382
14603
77981
84439
66527
284
68481
58681
9878
97951
51815
55632
16126
98219
10958
75974
45362
70176
5061
56732
69161
59219
35410
84282
82263
8777
25203
78881
33065
71340
73728
37120
10324
35450
93459
92061
18224
14864
59124
23712
12166
8419
83581
4513
64727
45979
99823
56731
53366
86007
80604
73938
26522
15732
6169
1711
33619
17206
16634
87066
49594
86670
28883
89242
37917
81564
98955
70164
64579
83359
43370
9960
77460
46554
53233
26930
22466
80304
60410
64447
80730
59518
55915
27358
45031
69173
10635
94140
24854
66465
99088
65296
72188
45708
57438
74440
73569
36154
56900
16079
88046
78907
71048
96104
1169
82898
98491
24678
39026
31777
64081
93152
97289
39055
13899
40107
35051
78187
97391
22699
62694
80789
57574
87595
61310
30315
26827
32176
99843
37635
94832
89178
99378
70019
7639
1508
66839
57392
17575
62030
12204
19409
76943
41702
90671
62825
2011
82462
20672
82189
57481
36586
6278
3454
17521
5470
9381
39218
98335
92983
69060
95869
48638
95936
27603
43214
28791
83155
22566
28506
20451
45754
93378
84741
32057
99737
23653
61803
22409
83399
91538
36145
7388
39846
8144
1297
12376
99071
65895
3442
71146
89043
74804
76827
23395
65042
58411
99275
1085
59907
21841
21336
41252
50278
16869
56204
68482
23246
72872
74236
68041
14692
40994
33431
15143
14285
49100
84212
65589
56247
56233
49150
68214
79714
8399
82806
78630
7392
49371
9155
42930
1414
86600
95594
49158
44070
84809
73686
83041
6645
93014
63421
27515
24334
19020
94156
14949
12081
1007
7468
55264
75548
82844
96713
42940
64715
16088
61931
40822
58526
13699
5455
95401
5515
16002
10079
10696
20164
1955
13825
16321
57083
66832
74670
38756
67142
51622
98434
97214
45601
92022
8004
58070
459
7785
50950
79691
77671
6386
63147
70348
76491
33869
89995
30289
4643
91453
66023
85989
70300
64794
58424
88993
85603
38811
29510
633
35894
44968
11040
38823
41662
70987
16037
33031
84977
26439
30511
8218
44111
53471
18198
51688
32593
87968
9046
38073
52542
21075
40735
69195
69971
34429
98532
24387
33391
39103
65426
64372
66135
27146
2622
33023
82538
61553
66077
74081
28460
5975
71996
5836
63691
85688
20841
30358
35627
5465
72223
88777
1425
41404
91287
75453
52299
79340
40793
66920
18232
96074
42520
12522
84587
66652
48409
98586
31511
21449
94101
32449
43787
29
44940
17764
73707
6792
44265
21417
49026
26304
51413
91009
23786
84033
16533
87257
8628
18066
87588
4917
94085
14405
70955
69307
52501
4647
36497
64206
83309
3686
58022
72463
93238
47540
55694
45544
7971
15235
29617
63697
5319
84190
6481
777
66917
97630
94162
81919
70436
74577
89860
50487
54506
6461
32493
17171
90
84192
45460
12382
36429
59659
1090
3858
987
8637
25450
29829
59699
47857
80222
92320
69540
71188
45585
753
11992
2748
18569
92843
65370
44317
57729
2344
45579
3679
73260
54599
73111
97340
18242
85142
19295
63077
18547
94389
57455
99027
17427
59026
61524
72751
53163
4067
18611
35222
34238
83230
47191
48012
70155
60139
63662
50484
9
75128
35881
88375
8641
19430
64001
8039
60951
17666
40807
20526
83299
85379
27840
36322
46373
43618
11911
277
79762
21851
49745
3583
69879
58458
8043
9182
87513
1633
57731
88627
71423
47280
8523
18262
53969
16918
51925
8901
2278
61052
18852
33633
17504
15502
44338
23134
34925
57222
23376
99190
93338
89546
61470
7073
33410
5024
55698
56235
80035
18402
56235
75005
44181
81664
95031
10098
42772
42436
49354
71325
58832
51718
62674
65732
78999
9360
16914
99453
57931
32034
37946
62409
72936
19684
7801
48812
46475
2361
439
77584
21520
63798
72664
90511
63106
27649
55704
99058
75730
21385
30884
63843
4817
31520
17264
57980
71630
33499
65963
37566
20836
90494
21158
63249
41676
28542
28089
19506
26319
25417
31427
70893
2207
22064
90711
93224
6712
23867
64928
17135
6295
28583
47577
53160
94650
23157
17495
7945
56208
31719
95179
25375
30086
53035
70941
53568
122
75901
52004
71046
15213
70562
74740
47105
53620
21971
58657
70910
68698
5581
76713
36008
3074
21170
90800
41766
29514
61984
52522
36565
42228
39139
22397
15964
67006
42139
87841
72517
71766
47177
68762
33278
64382
22055
69167
98994
78880
3550
48100
28950
17339
13975
83390
87991
48218
52441
42261
87885
14677
76608
88719
61061
12293
31631
50266
81286
9594
13013
63453
23935
36831
8518
97518
64108
91986
33183
6319
31043
13903
59465
70355
2057
9369
72584
20377
94724
82801
75740
6547
29775
50716
31262
30421
95807
2909
77253
6677
54692
12635
65139
14465
13932
95342
77413
37347
19578
80802
13289
55231
43659
65559
79713
81216
10663
40593
16073
45446
77427
16466
16359
88637
94733
17553
4099
19584
72084
18832
78792
56940
31195
37177
929
36729
80164
29556
13635
38413
25957
80951
30521
84724
95274
16425
78163
38156
28857
11876
29166
1752
66435
33288
93988
94779
2229
85094
75389
48221
88737
36854
53798
86165
68204
48341
92334
97133
58471
58540
74425
55829
45317
83349
39419
8205
47634
35621
40385
58030
12904
25109
31860
1890
73050
3903
60254
94847
72149
164
25593
75896
29640
3920
92977
14906
87690
12030
36072
25980
9605
32455
67159
82078
72661
53291
61186
69936
9256
65707
11470
18140
54106
1619
77519
27487
55593
2669
6711
11659
2961
16914
87380
11936
21822
60595
20084
60528
50132
46182
28520
88867
21745
59382
58629
17898
25795
14100
63186
85510
12796
63638
27542
46860
42321
13420
26771
15923
32278
22016
33615
44709
81154
98325
51
3841
13990
16621
86398
35757
23666
77273
89913
61979
4260
73065
80532
78663
25499
9093
63075
72390
56713
76622
12036
53748
25178
42688
82305
21864
50436
68426
41974
28853
58957
98639
88437
48755
24946
52050
3788
69415
66826
76314
53176
37726
94723
64874
2002
16990
81080
66053
93066
51252
80029
62143
57945
69749
57491
64934
15391
83757
72971
20899
66188
78807
9645
12236
11003
69371
47123
62627
3613
44593
83553
46490
18743
3194
13348
67600
58380
5018
82767
6030
63748
59963
27325
62728
70527
97337
64492
48476
88158
32888
18165
95098
21965
95936
56668
80062
43934
57045
94633
16047
51992
77675
84733
57856
69027
46322
9784
39545
72602
77092
93699
36082
77339
24203
92829
71980
95632
44065
98596
91645
94110
84755
55043
79671
13174
15198
71961
63298
14105
95791
11586
14610
23017
44725
47645
3814
88077
32646
17245
22617
27879
86599
51412
1204
8429
78199
59742
37456
35504
52975
85628
88971
37198
80416
49345
26324
32248
99914
12143
81824
68117
37904
27869
62889
57911
14549
19497
16737
62543
99315
11478
25894
33402
76526
396
28015
87715
35961
41995
91972
90919
43904
21180
46670
13375
67019
7876
63268
59408
92216
16120
96642
25635
7923
54367
79483
83647
108
94823
93224
32413
67400
22920
8492
54355
70240
62432
23889
36918
44517
77086
25586
19241
20580
48334
41775
85161
37635
94617
43229
44780
49269
78211
77744
74401
74618
75318
7785
60179
20251
78335
76795
23738
17831
11926
22474
51988
9581
86097
85702
58487
32066
5051
87627
53008
54053
72354
24786
955
7449
42639
74284
43387
8680
56922
16507
45976
72217
61660
35534
57974
1608
16080
53600
9285
33509
26859
78186
12474
34946
97692
78231
57936
10958
70286
41854
67407
54228
48398
37305
31850
78199
26974
91482
48003
22760
27493
66649
87974
20676
70527
60709
36913
84729
96963
32744
29220
15007
72416
62721
55349
55854
84108
61617
57304
24750
53818
66553
88561
26307
42249
35599
93165
25475
50246
62700
47443
67477
55049
72342
31415
46760
45710
90228
51073
34263
1742
31109
79752
72420
65168
54760
54841
15408
12927
2502
24304
86557
72797
64995
21332
50308
16484
39937
35664
74262
33576
41174
80328
51220
75365
76993
64267
87422
48334
75012
85295
29095
94115
83123
23433
58032
42007
42311
20261
78480
48852
23943
35171
38898
69920
89026
40442
32078
36316
72287
74089
32808
62448
8361
6377
38043
91641
76530
17295
15182
90287
19348
59044
41643
39196
33954
21534
52596
18369
14316
46871
98090
53192
78054
11192
49008
51970
9484
93100
56693
60857
19038
23088
32915
82453
42518
52333
29926
93842
31690
46043
44735
51554
7138
18225
64466
5486
41808
58254
50508
46871
9494
56017
97924
38114
29729
87943
27092
78503
35925
35981
69618
94007
60866
46070
55531
9813
2802
26616
33911
94711
49612
40811
98311
84335
4097
96269
6576
67261
66957
32432
19354
39911
86401
78096
32481
46834
27730
78935
47213
100
90133
24839
92253
6670
23584
38024
52245
3656
39229
30720
7095
66263
18984
82577
49840
8453
8808
18579
42620
12277
2980
23335
55036
56099
4155
3092
38948
41648
21191
78516
61105
60672
34382
71644
49234
20494
94907
37907
21434
7789
67268
9407
9695
11690
68807
38814
17521
1937
51672
33192
13603
48813
10
46013
15640
12367
67479
91423
38775
7139
96784
34871
10861
73710
66219
8995
7572
74219
31304
27659
82940
72672
8418
90289
11373
40303
34638
76326
78437
63064
57886
74738
67211
60749
24538
70636
64677
68216
16426
90525
92854
60731
81755
38831
67378
43113
73177
34632
21391
49141
4139
8448
59453
83358
23896
58289
44164
5013
29610
6253
86808
63451
61206
71711
85329
22355
8781
52909
92804
33901
96929
66363
80987
77054
31887
51426
44577
93889
47089
43477
55563
94510
44206
68860
38602
34616
60907
91713
13586
88233
21578
60214
32585
23073
23438
19056
12767
61664
21886
74064
6968
72300
3118
72651
6674
44451
10610
75254
50091
43259
20999
53866
60719
1038
4435
2752
46136
87327
2768
74899
6929
42706
28229
45407
7452
50813
94143
25577
4617
30009
11057
46818
26886
47327
81387
64527
88605
60019
27648
98794
71923
73914
87550
95993
4857
2068
30062
22237
22253
42452
44730
88548
30735
91663
8032
28131
96947
4770
10078
72902
27151
62345
71071
15644
67668
34239
35706
29219
79380
86040
83128
48256
73295
85541
10205
56500
37920
48411
55111
55661
311
49572
5474
4585
94198
58945
45760
48636
63800
22477
55640
13338
43405
35680
47019
87570
30282
84358
94922
86098
40372
81282
54940
98467
81330
92858
96334
4254
34837
7633
86807
22163
89099
88132
52920
67705
59119
28770
59350
25677
37151
53467
19345
55842
46250
13547
15888
80530
86657
82674
39365
16618
39710
33014
470
81832
32004
19323
39377
36772
26353
96636
35223
88877
74047
67171
48489
49042
70469
5843
58625
29941
5732
63298
26009
1107
21956
3754
83960
99255
8539
33385
16824
64089
44646
93775
79157
85641
48662
62234
26038
35783
51850
3185
42926
78145
30238
37441
95210
42613
7305
99612
15550
97547
55914
69101
12620
10001
65100
83781
70785
32338
52362
99848
48919
63213
56849
3971
72483
63408
61582
65107
49831
90327
67162
27203
69862
30723
71136
17567
90500
55764
13059
6582
35751
70744
69245
24738
76642
69209
5477
48906
25009
19362
38386
31010
77145
54639
54077
99730
39395
87857
47860
16145
57747
10477
66591
91296
64210
62121
80051
23869
13810
66264
6668
71223
83093
76118
10965
32029
67528
82914
73515
24504
54892
32088
23995
52717
16643
89947
45244
37903
4412
43516
68643
84348
98091
68021
36517
7200
19271
80130
97117
69134
90397
18412
98438
63099
39169
71775
54711
29601
64635
15688
57451
14226
62394
19803
4882
46851
39520
18413
21776
86861
3789
11373
43782
33078
19400
81790
12320
16479
41739
94976
29553
62344
33531
32471
79353
62975
9798
41795
48511
72489
98503
5733
89115
14374
9488
64204
97980
37486
24338
82403
86839
39916
98043
77007
22299
34606
48924
43438
12910
18696
92809
47802
80311
25710
69506
28811
68069
49511
86432
53402
92214
66942
31880
8903
67982
80694
6831
45556
34779
11144
20192
36062
70707
28789
65563
50324
37676
5818
51482
59090
19537
57939
96152
83932
46867
90559
11300
74224
32531
74776
39064
31698
50495
23527
60705
58678
75329
62939
16050
44144
4554
43188
4067
24611
5687
71718
54354
87428
57428
78502
47194
37558
64839
23702
44827
82919
99150
61785
58277
5452
11150
77698
91442
99258
29610
82095
32351
45113
81281
77963
79400
94019
83818
32878
90298
2612
27182
34992
15743
93405
69469
67869
24223
25286
40721
8819
96128
65758
55041
72832
32134
25066
32143
72126
61550
23403
62027
13163
89772
49114
86027
97435
20880
82721
75990
75726
4894
53650
93252
57876
21039
91096
20052
12074
79009
79435
36673
208
75188
36465
71419
60354
37922
69667
26787
58726
31855
45800
18811
80138
61758
30178
76406
26007
5518
65734
83552
13496
73348
82662
43516
83214
66086
91684
55048
12153
54782
88279
59323
47145
55604
48759
4921
79652
9901
47953
29221
3699
83233
21770
28216
71418
3744
16906
6582
27330
85431
22387
53067
65956
20025
81554
18762
68561
80299
4051
19714
4775
19583
28113
27970
60958
56960
45678
52250
84962
24155
41133
74330
64706
90546
11983
39796
65608
71943
38642
50667
92809
85992
42762
1411
9504
33851
75861
69771
64023
99295
18967
96492
19037
95993
64473
98850
62855
4708
46499
46698
88647
48236
9868
62498
48669
84867
63429
55194
39954
94716
29548
82550
22056
42465
14258
20381
28091
82455
80562
57452
78148
62031
54366
43155
91521
26149
38019
83997
50614
37446
71590
90361
13999
98562
7518
69666
85683
9581
67300
10857
72698
43079
5445
99628
71030
29490
55156
37481
37005
1873
74777
12989
84339
66333
56333
76923
22669
47334
55931
76076
40179
48238
8990
76429
74897
56416
17153
50121
63326
61324
43826
11989
28927
99485
37486
6546
8284
87291
32785
87702
68511
66143
48128
17789
17532
40776
24479
69005
67866
61240
64936
19228
85136
34144
68095
36741
45101
34698
24260
48284
76328
82155
85185
94411
47684
89076
98157
94683
56647
64620
15309
78165
80864
98324
53359
92012
31694
98069
68836
77897
82107
5713
33416
42875
26927
2677
93166
91510
88260
59714
86696
74132
20063
98433
66321
94098
37961
53239
65362
42155
46327
65616
87725
59248
75986
60170
34146
71643
23798
15294
19698
20580
19961
62293
89698
97587
25481
2849
17184
66947
58108
55482
37869
48399
14463
45072
12299
96142
84199
66238
93740
97828
16040
90053
60839
54248
8492
75296
6449
46246
37140
19400
5709
6514
86351
59433
24757
4569
64477
3937
22540
90069
5828
98896
31913
19532
88152
35529
46606
43727
98086
88420
96388
10904
16570
37104
80437
35864
42632
82625
58146
25376
39457
10878
70640
33352
15312
91808
93140
40927
11957
65432
36518
21090
82391
50763
8479
28394
22803
57064
33721
12450
50425
78923
43108
33205
16349
18631
173
98932
77480
53575
3793
46557
73542
16672
4329
92772
33967
81510
10459
83566
95528
763
98532
6187
49339
23927
21849
63816
34136
76994
69297
39671
37234
85318
28838
42941
98395
1303
74000
51106
42425
34500
5457
2790
35743
22821
49033
37222
73339
6002
1365
51969
32187
60439
59155
96682
99239
68642
61502
73762
85705
93952
18777
89780
85929
4323
16080
33872
9449
30541
11454
89254
81113
81955
29215
16882
29431
20584
56169
54928
48186
1743
76312
70765
61687
23322
6849
89436
28791
4196
92237
48315
86934
9987
337
15427
69265
86826
81114
97938
14246
27503
51361
85863
24923
95405
83569
7532
64634
20564
53551
26488
63433
45333
30955
6430
88688
6141
5398
91722
46372
36929
94791
84696
67810
9718
28544
95106
16345
96525
18763
46431
91068
80268
27128
11523
92304
32210
60247
51685
6330
325
44459
70671
86794
76835
86439
8818
7174
74749
20148
46933
62227
75221
25114
42928
70005
52313
18352
95202
67934
88775
8996
39069
3102
83291
2249
61060
11477
19013
22968
33725
42142
60477
42046
76936
31050
63138
11434
28533
98383
339
6205
86072
23846
6474
87485
88101
10832
62310
58171
86747
2339
33148
95317
18289
89107
52596
1304
11036
74008
85162
22818
44057
71833
35086
32764
66522
65966
41980
83561
81466
39692
14859
64305
40640
9150
73316
88309
4194
34091
61506
95245
20224
43547
17648
88310
50039
28411
27939
70923
81331
77952
5738
62901
99756
19178
53676
14678
28488
41633
88306
66154
16086
86713
47793
50308
20240
15576
39124
596
92833
31630
56320
25630
63017
21192
83069
87213
19130
87259
64122
9107
80596
50393
40899
4433
68341
23197
13806
86535
16925
89922
71546
2833
20635
53645
66612
12507
82380
89178
21204
58655
37523
8634
6954
79707
17883
32336
45835
53059
77145
43686
97580
45329
81073
43693
44017
55436
17139
95965
56433
4365
73362
75263
15456
31725
75761
29944
16731
26443
61800
50262
9840
63757
65269
28309
78417
67327
61852
34810
55076
89823
14565
72271
84652
32832
88727
53401
64846
17520
57362
67077
33785
93798
77884
50935
80909
55721
26597
45190
30702
28165
30868
76138
74777
36085
66347
46890
19332
7216
63020
54275
40909
90007
58660
13456
60472
54224
436
57952
23214
98786
84779
25436
38479
42697
10399
19394
16082
91709
50746
27074
4272
38283
28015
53785
93067
31685
61254
48797
28596
92085
47097
22270
98244
12667
53157
80083
96192
17706
27689
85899
40616
75674
63771
62546
9082
83463
57572
77685
75410
29090
3749
14669
12198
92242
48002
64791
47725
31967
4896
24034
3222
90148
64601
31811
59723
60404
14396
97543
53667
25994
32722
59847
93635
42334
79989
55406
34135
25653
59050
83296
65990
71292
7534
88141
88377
83309
70633
88212
32707
37904
38611
54932
45472
86837
96453
61928
43566
72700
44291
37824
44576
69111
87529
12819
25448
50935
8027
82417
23249
52616
59243
3228
35511
70755
85173
9169
68379
10980
17883
45002
10119
13446
2139
67707
19235
76737
78621
84336
89052
93596
34465
67518
73848
44731
52301
80702
75417
72090
13847
7339
40230
96362
4400
49553
90544
55277
81423
7277
42352
97575
20302
19020
42345
57900
15913
37771
99408
10018
94590
35897
35384
77497
80267
30400
72691
74647
49670
33836
23425
95577
26034
72292
71706
17674
54896
57173
57775
74119
90884
54716
27233
21164
41711
90204
76416
65412
84456
5904
45962
94622
91806
78700
66944
26661
24602
32444
13110
44042
87357
62160
65809
31230
45909
70121
27892
14104
64328
94429
70458
78704
27991
63037
6037
92177
12038
75435
34078
37792
55088
21111
51860
37083
21502
96949
71598
17066
37156
41878
7295
24037
96740
84452
52712
27093
41359
65265
45005
23543
13002
452
15176
78569
6908
29123
28141
61330
23173
20306
55551
77381
82497
28895
24221
99785
6427
8578
11261
72548
69233
73441
13523
53285
95525
90930
13802
97316
68109
82250
36297
75130
60466
79961
10885
87138
62334
21563
64850
63219
79740
53040
14684
4429
58204
74454
66051
12483
80763
51504
10324
11704
30430
77109
42167
73551
58163
18477
33248
11163
56490
69946
22544
20827
69824
87558
33736
26699
81984
62479
14149
93483
44634
16095
14180
7946
57970
18905
42485
8613
30372
20011
22529
31690
61357
15930
73831
95005
51221
47119
50493
66944
86800
45433
1402
38855
44971
78880
42229
99159
33007
23636
79178
42621
7073
6581
92650
50026
11005
25727
37956
90680
84869
75017
68114
56513
40458
82582
60669
8943
74219
40452
91173
89163
52538
37852
79260
92958
15467
45952
96890
95322
61390
45652
832
35635
77284
66700
35140
64327
60369
71119
32633
90164
52976
66700
44696
28783
14900
17776
91063
51573
69422
12116
77517
67302
89789
50297
87759
60117
62938
636
39373
1207
97075
63517
9020
68789
44370
38274
34078
74859
90243
1446
33130
3467
10399
52866
87622
11197
31061
29934
67085
19632
7412
28466
76143
93812
90663
22084
80374
43058
23745
93087
28384
81551
8798
43735
67153
46305
59042
62295
88674
98130
11925
74631
18683
52227
55577
71516
78895
97917
88721
12525
77674
14741
93514
99327
16203
19864
88824
2592
49196
91049
23888
37011
6002
55112
27373
82742
1604
39731
99505
19814
41477
26461
43247
50843
92014
2251
62919
5061
77088
66424
68374
3156
9508
80785
18206
64788
3485
78202
38920
38304
52005
35315
69936
79521
24010
23142
26788
76272
29790
18512
72930
94476
57212
2699
86251
40470
9132
57881
95079
77327
46423
3381
92904
21363
80204
87635
38705
56431
95394
82805
99413
83985
83118
59696
38286
84675
10260
78291
28720
8601
39295
45778
35390
1077
74248
20046
93863
27630
14207
41283
82160
91511
33586
11480
88369
73958
66707
43379
47364
10578
25592
93131
82594
12459
49527
55290
30823
10313
98562
10670
44210
42184
69392
18717
55524
75041
30386
19774
61854
40490
59012
78414
37916
81160
1480
95285
34878
7123
61090
36166
16264
22838
81825
75118
5628
78161
95132
18300
13310
25305
115
24711
28522
20795
89595
34064
35135
30925
76576
93996
21380
10429
88304
70865
58621
72562
81362
63569
94946
11211
98006
61864
96837
56762
62714
57590
59324
78296
5804
74553
12590
64483
16949
64752
95277
24072
1469
47390
67400
23632
6039
12825
8486
76463
78375
70035
22812
34775
56524
33725
29068
86260
49678
99143
461
17980
69677
84138
95523
35906
63944
25724
28604
22577
45165
71940
941
24758
543
14693
79773
1713
270
95181
21857
92734
43856
469
83976
15340
3019
33309
42894
8239
76048
13989
32751
97802
73027
98430
7860
42488
8670
28817
49152
1897
62773
56065
91105
73693
60406
87347
43111
487
215
51245
97868
7956
27495
96838
75586
40726
5524
34505
29680
14806
36429
91614
23299
32338
12001
32912
9090
3779
55118
7513
58290
48459
99718
83629
89873
3516
74580
65967
46475
59914
5541
74113
56278
97544
29647
99963
60275
75177
53485
74429
3737
72763
45360
84151
77914
84864
3155
54973
3296
3692
29302
29778
25680
92479
85320
31755
11126
22846
10616
26237
28939
83746
